# framerate: 30 fps
# id frame x/m y/m z/m
1567159761090 0 -7.98124885559082 7.43183898925781 0 4
1570179660150 0 -5.98124885559082 2.93183612823486 0 4
1573199559210 0 7.95034408569336 7.44968032836914 0 8
1576219458200 0 5.95034408569336 2.94968032836914 0 8
1623531210120 0 -7.98123168945313 7.43183898925781 0 4
1626551109260 0 -5.98123168945313 2.93183612823486 0 4
1629571008320 0 7.95037841796875 7.44968032836914 0 8
1632590906840 0 5.95037841796875 2.94968032836914 0 8
1679902659220 0 -7.9813232421875 7.43183898925781 0 4
1682922558350 0 -5.9813232421875 2.93183612823486 0 4
1685942457410 0 7.95037841796875 7.44968032836914 0 8
1688962356470 0 5.95037841796875 2.94968032836914 0 8
1736274108340 0 -7.9813232421875 7.43183898925781 0 4
1739294007470 0 -5.9813232421875 2.93183612823486 0 4
1742313906530 0 7.9501953125 7.44968032836914 0 8
1745333805590 0 5.9501953125 2.94968032836914 0 8
1792645574510 0 -7.9813232421875 7.43183898925781 0 4
1795665473570 0 -5.9813232421875 2.93183612823486 0 4
1798685372630 0 7.9501953125 7.44968032836914 0 8
1801705271690 0 5.9501953125 2.94968032836914 0 8
1849017023630 0 -7.9813232421875 7.43183898925781 0 4
1852036922690 0 -5.9813232421875 2.93183612823486 0 4
1855056821750 0 7.9501953125 7.44968032836914 0 8
1858076720810 0 5.9501953125 2.94968032836914 0 8
1905388472750 0 -7.98095703125 7.43183898925781 0 4
1908408371810 0 -5.98095703125 2.93183612823486 0 4
1911428270870 0 7.9501953125 7.44968032836914 0 8
1914448169930 0 5.9501953125 2.94968032836914 0 8
1961759921870 0 -7.98095703125 7.43183898925781 0 4
1964779820930 0 -5.98095703125 2.93183612823486 0 4
1967799719990 0 7.9501953125 7.44968032836914 0 8
1970819619050 0 5.9501953125 2.94968032836914 0 8
2018131370990 0 -7.98095703125 7.43183898925781 0 4
2021151270050 0 -5.98095703125 2.93183612823486 0 4
2024171169110 0 7.9501953125 7.44968032836914 0 8
2027191068170 0 5.9501953125 2.94968032836914 0 8
2074502820110 0 -7.98095703125 7.43183898925781 0 4
2077522719170 0 -5.98095703125 2.93183612823486 0 4
2080542618230 0 7.9501953125 7.44968032836914 0 8
2083562517290 0 5.9501953125 2.94968032836914 0 8
1567159761090 1 -7.86478996276855 7.26416397094727 0 4
1570179660150 1 -5.86478996276855 2.76415920257568 0 4
1573199559210 1 7.86336135864258 7.26498794555664 0 8
1576219458200 1 5.84318542480469 2.77378082275391 0 8
1623531210120 1 -7.86477661132813 7.26416397094727 0 4
1626551109260 1 -5.86477661132813 2.76415920257568 0 4
1629571008320 1 7.8634033203125 7.26498794555664 0 8
1632590906840 1 5.84326171875 2.77378273010254 0 8
1679902659220 1 -7.8648681640625 7.26416397094727 0 4
1682922558350 1 -5.8648681640625 2.76415920257568 0 4
1685942457410 1 7.86346435546875 7.26498794555664 0 8
1688962356470 1 5.84320068359375 2.77378273010254 0 8
1736274108340 1 -7.8648681640625 7.26416397094727 0 4
1739294007470 1 -5.8648681640625 2.76415920257568 0 4
1742313906530 1 7.863037109375 7.26498794555664 0 8
1745333805590 1 5.843017578125 2.77377510070801 0 8
1792645574510 1 -7.8648681640625 7.26416397094727 0 4
1795665473570 1 -5.8648681640625 2.76415920257568 0 4
1798685372630 1 7.863037109375 7.26498794555664 0 8
1801705271690 1 5.843017578125 2.77377510070801 0 8
1849017023630 1 -7.8648681640625 7.26416397094727 0 4
1852036922690 1 -5.8648681640625 2.76415920257568 0 4
1855056821750 1 7.863037109375 7.26498794555664 0 8
1858076720810 1 5.843017578125 2.77377510070801 0 8
1905388472750 1 -7.8642578125 7.26416397094727 0 4
1908408371810 1 -5.8642578125 2.76415920257568 0 4
1911428270870 1 7.86328125 7.26498794555664 0 8
1914448169930 1 5.8427734375 2.77377510070801 0 8
1961759921870 1 -7.8642578125 7.26416397094727 0 4
1964779820930 1 -5.8642578125 2.76415920257568 0 4
1967799719990 1 7.86328125 7.26498794555664 0 8
1970819619050 1 5.8427734375 2.77377510070801 0 8
2018131370990 1 -7.8642578125 7.26416397094727 0 4
2021151270050 1 -5.8642578125 2.76415920257568 0 4
2024171169110 1 7.86328125 7.26498794555664 0 8
2027191068170 1 5.8427734375 2.77377510070801 0 8
2074502820110 1 -7.8642578125 7.26416397094727 0 4
2077522719170 1 -5.8642578125 2.76415920257568 0 4
2080542618230 1 7.86328125 7.26498794555664 0 8
2083562517290 1 5.8427734375 2.77377510070801 0 8
1567159761090 2 -7.67879295349121 6.97153854370117 0 4
1570179660150 2 -5.6191520690918 2.51153755187988 0 4
1573199559210 2 7.79317092895508 6.92543601989746 0 8
1576219458200 2 5.64220809936523 2.49123382568359 0 8
1623531210120 2 -7.67880249023438 6.97153854370117 0 4
1626551109260 2 -5.61917114257813 2.51153755187988 0 4
1629571008320 2 7.79318237304688 6.92543601989746 0 8
1632590906840 2 5.64230346679688 2.49123954772949 0 8
1679902659220 2 -7.6788330078125 6.97153854370117 0 4
1682922558350 2 -5.619140625 2.5115385055542 0 4
1685942457410 2 7.7933349609375 6.92543601989746 0 8
1688962356470 2 5.64215087890625 2.49123954772949 0 8
1736274108340 2 -7.6788330078125 6.97153854370117 0 4
1739294007470 2 -5.619140625 2.5115385055542 0 4
1742313906530 2 7.792724609375 6.92543601989746 0 8
1745333805590 2 5.6422119140625 2.49121284484863 0 8
1792645574510 2 -7.6788330078125 6.97153854370117 0 4
1795665473570 2 -5.619140625 2.5115385055542 0 4
1798685372630 2 7.792724609375 6.92543601989746 0 8
1801705271690 2 5.6422119140625 2.49121284484863 0 8
1849017023630 2 -7.6788330078125 6.97153854370117 0 4
1852036922690 2 -5.619140625 2.5115385055542 0 4
1855056821750 2 7.792724609375 6.92543601989746 0 8
1858076720810 2 5.6422119140625 2.49121284484863 0 8
1905388472750 2 -7.67822265625 6.97153854370117 0 4
1908408371810 2 -5.61865234375 2.51151943206787 0 4
1911428270870 2 7.79345703125 6.92543601989746 0 8
1914448169930 2 5.6416015625 2.49121189117432 0 8
1961759921870 2 -7.67822265625 6.97153854370117 0 4
1964779820930 2 -5.61865234375 2.51151943206787 0 4
1967799719990 2 7.79345703125 6.92543601989746 0 8
1970819619050 2 5.6416015625 2.49121189117432 0 8
2018131370990 2 -7.67822265625 6.97153854370117 0 4
2021151270050 2 -5.61865234375 2.51151943206787 0 4
2024171169110 2 7.79345703125 6.92543601989746 0 8
2027191068170 2 5.6416015625 2.49121189117432 0 8
2074502820110 2 -7.67822265625 6.97153854370117 0 4
2077522719170 2 -5.61865234375 2.51151943206787 0 4
2080542618230 2 7.79345703125 6.92543601989746 0 8
2083562517290 2 5.6416015625 2.49121189117432 0 8
1567159761090 3 -7.55855369567871 6.53444290161133 0 4
1570179660150 3 -5.26034927368164 2.23445701599121 0 4
1573199559210 3 7.8356819152832 6.4741039276123 0 8
1576219458200 3 5.28262710571289 2.21516418457031 0 8
1623531210120 3 -7.55856323242188 6.53444290161133 0 4
1626551109260 3 -5.26040649414063 2.23445701599121 0 4
1629571008320 3 7.83566284179688 6.4741039276123 0 8
1632590906840 3 5.28268432617188 2.21517372131348 0 8
1679902659220 3 -7.5587158203125 6.53444290161133 0 4
1682922558350 3 -5.26025390625 2.23446178436279 0 4
1685942457410 3 7.8358154296875 6.4741039276123 0 8
1688962356470 3 5.28253173828125 2.21517372131348 0 8
1736274108340 3 -7.5587158203125 6.53444290161133 0 4
1739294007470 3 -5.26025390625 2.23446178436279 0 4
1742313906530 3 7.835205078125 6.4741039276123 0 8
1745333805590 3 5.2828369140625 2.21511650085449 0 8
1792645574510 3 -7.5587158203125 6.53444290161133 0 4
1795665473570 3 -5.26025390625 2.23446178436279 0 4
1798685372630 3 7.835205078125 6.4741039276123 0 8
1801705271690 3 5.2828369140625 2.21511650085449 0 8
1849017023630 3 -7.5587158203125 6.53444290161133 0 4
1852036922690 3 -5.26025390625 2.23446178436279 0 4
1855056821750 3 7.835205078125 6.4741039276123 0 8
1858076720810 3 5.2828369140625 2.21511650085449 0 8
1905388472750 3 -7.55810546875 6.53444290161133 0 4
1908408371810 3 -5.26025390625 2.23436641693115 0 4
1911428270870 3 7.83642578125 6.4741039276123 0 8
1914448169930 3 5.2822265625 2.21511173248291 0 8
1961759921870 3 -7.55810546875 6.53444290161133 0 4
1964779820930 3 -5.26025390625 2.23436641693115 0 4
1967799719990 3 7.83642578125 6.4741039276123 0 8
1970819619050 3 5.2822265625 2.21511173248291 0 8
2018131370990 3 -7.55810546875 6.53444290161133 0 4
2021151270050 3 -5.26025390625 2.23436641693115 0 4
2024171169110 3 7.83642578125 6.4741039276123 0 8
2027191068170 3 5.2822265625 2.21511173248291 0 8
2074502820110 3 -7.55810546875 6.53444290161133 0 4
2077522719170 3 -5.26025390625 2.23436641693115 0 4
2080542618230 3 7.83642578125 6.4741039276123 0 8
2083562517290 3 5.2822265625 2.21511173248291 0 8
1567159761090 4 -7.26485252380371 6.18911361694336 0 4
1570179660150 4 -5.05226516723633 1.83170127868652 0 4
1573199559210 4 7.68346786499023 6.04708671569824 0 8
1576219458200 4 5.04793930053711 1.82730960845947 0 8
1623531210120 4 -7.26486206054688 6.18911361694336 0 4
1626551109260 4 -5.05227661132813 1.83170211315155 0 4
1629571008320 4 7.68344116210938 6.04708671569824 0 8
1632590906840 4 5.04794311523438 1.82732486724854 0 8
1679902659220 4 -7.2650146484375 6.18911361694336 0 4
1682922558350 4 -5.05224609375 1.83170688152313 0 4
1685942457410 4 7.6837158203125 6.04708671569824 0 8
1688962356470 4 5.04791259765625 1.82731819152832 0 8
1736274108340 4 -7.2652587890625 6.18911361694336 0 4
1739294007470 4 -5.05224609375 1.83170902729034 0 4
1742313906530 4 7.682861328125 6.04708671569824 0 8
1745333805590 4 5.0479736328125 1.82726001739502 0 8
1792645574510 4 -7.2652587890625 6.18911361694336 0 4
1795665473570 4 -5.05224609375 1.83170688152313 0 4
1798685372630 4 7.682861328125 6.04708671569824 0 8
1801705271690 4 5.0479736328125 1.82726097106934 0 8
1849017023630 4 -7.2652587890625 6.18911361694336 0 4
1852036922690 4 -5.05224609375 1.83170688152313 0 4
1855056821750 4 7.682861328125 6.04708671569824 0 8
1858076720810 4 5.0479736328125 1.82726001739502 0 8
1905388472750 4 -7.26416015625 6.18911361694336 0 4
1908408371810 4 -5.05224609375 1.83156871795654 0 4
1911428270870 4 7.68408203125 6.04708671569824 0 8
1914448169930 4 5.0478515625 1.82722282409668 0 8
1961759921870 4 -7.26416015625 6.18911361694336 0 4
1964779820930 4 -5.05224609375 1.83156871795654 0 4
1967799719990 4 7.68408203125 6.04708671569824 0 8
1970819619050 4 5.0478515625 1.82722282409668 0 8
2018131370990 4 -7.26416015625 6.18911361694336 0 4
2021151270050 4 -5.05224609375 1.83156871795654 0 4
2024171169110 4 7.68408203125 6.04708671569824 0 8
2027191068170 4 5.0478515625 1.82722282409668 0 8
2074502820110 4 -7.26416015625 6.18911361694336 0 4
2077522719170 4 -5.05224609375 1.83156871795654 0 4
2080542618230 4 7.68408203125 6.04708671569824 0 8
2083562517290 4 5.0478515625 1.82722187042236 0 8
1567159761090 5 -6.96933174133301 5.84534645080566 0 4
1570179660150 5 -4.76143455505371 1.48900270462036 0 4
1573199559210 5 7.63627052307129 5.60045433044434 0 8
1576219458200 5 4.7068042755127 1.54109811782837 0 8
1623531210120 5 -6.96932983398438 5.84534645080566 0 4
1626551109260 5 -4.761474609375 1.48900401592255 0 4
1629571008320 5 7.63623046875 5.60045433044434 0 8
1632590906840 5 4.70681762695313 1.54112148284912 0 8
1679902659220 5 -6.969482421875 5.84537506103516 0 4
1682922558350 5 -4.761474609375 1.48900878429413 0 4
1685942457410 5 7.63653564453125 5.60045433044434 0 8
1688962356470 5 4.70672607421875 1.54110336303711 0 8
1736274108340 5 -6.9696044921875 5.84543228149414 0 4
1739294007470 5 -4.761474609375 1.48901093006134 0 4
1742313906530 5 7.6356201171875 5.60045433044434 0 8
1745333805590 5 4.7069091796875 1.54104471206665 0 8
1792645574510 5 -6.9696044921875 5.84543228149414 0 4
1795665473570 5 -4.761474609375 1.48900878429413 0 4
1798685372630 5 7.6356201171875 5.60045433044434 0 8
1801705271690 5 4.7069091796875 1.5410475730896 0 8
1849017023630 5 -6.9696044921875 5.84543228149414 0 4
1852036922690 5 -4.761474609375 1.48900878429413 0 4
1855056821750 5 7.6356201171875 5.60045433044434 0 8
1858076720810 5 4.7069091796875 1.54104471206665 0 8
1905388472750 5 -6.96875 5.84521484375 0 4
1908408371810 5 -4.761474609375 1.4888596534729 0 4
1911428270870 5 7.636474609375 5.60046005249023 0 8
1914448169930 5 4.70654296875 1.54096126556396 0 8
1961759921870 5 -6.96875 5.8452091217041 0 4
1964779820930 5 -4.761474609375 1.4888596534729 0 4
1967799719990 5 7.636474609375 5.60046005249023 0 8
1970819619050 5 4.70654296875 1.54096269607544 0 8
2018131370990 5 -6.96875 5.84521484375 0 4
2021151270050 5 -4.761474609375 1.4888596534729 0 4
2024171169110 5 7.636474609375 5.60046005249023 0 8
2027191068170 5 4.70654296875 1.54096126556396 0 8
2074502820110 5 -6.96875 5.84521484375 0 4
2077522719170 5 -4.761474609375 1.48886108398438 0 4
2080542618230 5 7.636474609375 5.60046005249023 0 8
2083562517290 5 4.70654296875 1.54095983505249 0 8
1567159761090 6 -6.71798133850098 5.47195625305176 0 4
1570179660150 6 -4.45931434631348 1.15172624588013 0 4
1573199559210 6 7.52889060974121 5.17109107971191 0 8
1576219458200 6 4.3282642364502 1.29168462753296 0 8
1623531210120 6 -6.71798706054688 5.47195625305176 0 4
1626551109260 6 -4.4593505859375 1.15172946453094 0 4
1629571008320 6 7.52886962890625 5.17108726501465 0 8
1632590906840 6 4.32827758789063 1.29171752929688 0 8
1679902659220 6 -6.7181396484375 5.47199630737305 0 4
1682922558350 6 -4.4593505859375 1.1517333984375 0 4
1685942457410 6 7.52911376953125 5.17110633850098 0 8
1688962356470 6 4.32818603515625 1.29168224334717 0 8
1736274108340 6 -6.7181396484375 5.47205352783203 0 4
1739294007470 6 -4.45947265625 1.15173637866974 0 4
1742313906530 6 7.5281982421875 5.17105293273926 0 8
1745333805590 6 4.3284912109375 1.29163408279419 0 8
1792645574510 6 -6.7181396484375 5.47205352783203 0 4
1795665473570 6 -4.45947265625 1.15173327922821 0 4
1798685372630 6 7.5281982421875 5.17105293273926 0 8
1801705271690 6 4.3284912109375 1.29163789749146 0 8
1849017023630 6 -6.7181396484375 5.47205352783203 0 4
1852036922690 6 -4.45947265625 1.15173423290253 0 4
1855056821750 6 7.5281982421875 5.17105293273926 0 8
1858076720810 6 4.3284912109375 1.29163408279419 0 8
1905388472750 6 -6.71728515625 5.47178649902344 0 4
1908408371810 6 -4.459228515625 1.15159177780151 0 4
1911428270870 6 7.528564453125 5.17113494873047 0 8
1914448169930 6 4.32763671875 1.29148006439209 0 8
1961759921870 6 -6.71728515625 5.47177696228027 0 4
1964779820930 6 -4.459228515625 1.1515908241272 0 4
1967799719990 6 7.528564453125 5.17113494873047 0 8
1970819619050 6 4.32763671875 1.29148244857788 0 8
2018131370990 6 -6.71728515625 5.47178649902344 0 4
2021151270050 6 -4.459228515625 1.15159177780151 0 4
2024171169110 6 7.528564453125 5.17113494873047 0 8
2027191068170 6 4.32763671875 1.29147911071777 0 8
2074502820110 6 -6.71728515625 5.47178649902344 0 4
2077522719170 6 -4.459228515625 1.15159225463867 0 4
2080542618230 6 7.528564453125 5.17113494873047 0 8
2083562517290 6 4.32763671875 1.2914776802063 0 8
1567159761090 7 -6.47361183166504 5.09969902038574 0 4
1570179660150 7 -4.16163635253906 0.81098198890686 0 4
1573199559210 7 7.36267280578613 4.75449562072754 0 8
1576219458200 7 3.96588563919067 1.02368259429932 0 8
1623531210120 7 -6.4736328125 5.09969902038574 0 4
1626551109260 7 -4.16162109375 0.81098902225494 0 4
1629571008320 7 7.36270141601563 4.75448608398438 0 8
1632590906840 7 3.96588134765625 1.02372455596924 0 8
1679902659220 7 -6.47381591796875 5.09972190856934 0 4
1682922558350 7 -4.16162109375 0.81099188327789 0 4
1685942457410 7 7.36285400390625 4.7545337677002 0 8
1688962356470 7 3.96588134765625 1.02366924285889 0 8
1736274108340 7 -6.473876953125 5.09968757629395 0 4
1739294007470 7 -4.161865234375 0.81100118160248 0 4
1742313906530 7 7.3619384765625 4.75439643859863 0 8
1745333805590 7 3.9661865234375 1.0236439704895 0 8
1792645574510 7 -6.473876953125 5.09968757629395 0 4
1795665473570 7 -4.1619873046875 0.81099629402161 0 4
1798685372630 7 7.3619384765625 4.75439643859863 0 8
1801705271690 7 3.9661865234375 1.02364778518677 0 8
1849017023630 7 -6.473876953125 5.09968757629395 0 4
1852036922690 7 -4.161865234375 0.81099963188171 0 4
1855056821750 7 7.3619384765625 4.75439643859863 0 8
1858076720810 7 3.9661865234375 1.0236439704895 0 8
1905388472750 7 -6.47265625 5.09964752197266 0 4
1908408371810 7 -4.161376953125 0.81086337566376 0 4
1911428270870 7 7.362060546875 4.75458526611328 0 8
1914448169930 7 3.965087890625 1.02339649200439 0 8
1961759921870 7 -6.47265625 5.09963798522949 0 4
1964779820930 7 -4.161376953125 0.8108594417572 0 4
1967799719990 7 7.362060546875 4.75458526611328 0 8
1970819619050 7 3.965087890625 1.02339887619019 0 8
2018131370990 7 -6.47265625 5.09964752197266 0 4
2021151270050 7 -4.161376953125 0.81086337566376 0 4
2024171169110 7 7.362060546875 4.75458526611328 0 8
2027191068170 7 3.965087890625 1.02339363098145 0 8
2074502820110 7 -6.47265625 5.09964752197266 0 4
2077522719170 7 -4.161376953125 0.81085860729218 0 4
2080542618230 7 7.362060546875 4.75458526611328 0 8
2083562517290 7 3.965087890625 1.02339220046997 0 8
1567159761090 8 -6.11585426330566 4.8212718963623 0 4
1570179660150 8 -3.82840728759766 0.50362515449524 0 4
1573199559210 8 7.30550575256348 4.30478096008301 0 8
1576219458200 8 3.65776109695435 0.69116306304932 0 8
1623531210120 8 -6.1158447265625 4.8212718963623 0 4
1626551109260 8 -3.828369140625 0.50363600254059 0 4
1629571008320 8 7.30557250976563 4.30477142333984 0 8
1632590906840 8 3.65777587890625 0.6912117600441 0 8
1679902659220 8 -6.11614990234375 4.8212718963623 0 4
1682922558350 8 -3.828369140625 0.50363886356354 0 4
1685942457410 8 7.30572509765625 4.30481910705566 0 8
1688962356470 8 3.65777587890625 0.69114017486572 0 8
1736274108340 8 -6.116455078125 4.82110023498535 0 4
1739294007470 8 -3.828369140625 0.50366914272308 0 4
1742313906530 8 7.3048095703125 4.30466651916504 0 8
1745333805590 8 3.6580810546875 0.69114261865616 0 8
1792645574510 8 -6.116455078125 4.82110023498535 0 4
1795665473570 8 -3.8289794921875 0.50366139411926 0 4
1798685372630 8 7.3048095703125 4.30466651916504 0 8
1801705271690 8 3.6580810546875 0.69114643335342 0 8
1849017023630 8 -6.116455078125 4.82110023498535 0 4
1852036922690 8 -3.828369140625 0.50366854667664 0 4
1855056821750 8 7.3048095703125 4.30466651916504 0 8
1858076720810 8 3.6580810546875 0.69114261865616 0 8
1905388472750 8 -6.115234375 4.82139587402344 0 4
1908408371810 8 -3.828369140625 0.50351703166962 0 4
1911428270870 8 7.305419921875 4.30484771728516 0 8
1914448169930 8 3.657470703125 0.69079113006592 0 8
1961759921870 8 -6.115234375 4.82138633728027 0 4
1964779820930 8 -3.828369140625 0.50350832939148 0 4
1967799719990 8 7.305419921875 4.30484771728516 0 8
1970819619050 8 3.657470703125 0.69079351425171 0 8
2018131370990 8 -6.115234375 4.82139587402344 0 4
2021151270050 8 -3.828369140625 0.50351703166962 0 4
2024171169110 8 7.305419921875 4.30484771728516 0 8
2027191068170 8 3.657470703125 0.69078725576401 0 8
2074502820110 8 -6.115234375 4.82139587402344 0 4
2077522719170 8 -3.828369140625 0.50350558757782 0 4
2080542618230 8 7.305419921875 4.30484771728516 0 8
2083562517290 8 3.657470703125 0.69078493118286 0 8
1567159761090 9 -5.90928077697754 4.41773796081543 0 4
1570179660150 9 -3.39650344848633 0.36589407920837 0 4
1573199559210 9 7.06363868713379 3.92135906219482 0 8
1576219458200 9 3.34092378616333 0.56198978424072 0 8
1623531210120 9 -5.9093017578125 4.41773796081543 0 4
1626551109260 9 -3.396484375 0.36591064929962 0 4
1629571008320 9 7.06375122070313 3.92135620117188 0 8
1632590906840 9 3.34088134765625 0.56204515695572 0 8
1679902659220 9 -5.90960693359375 4.41772270202637 0 4
1682922558350 9 -3.396484375 0.36591351032257 0 4
1685942457410 9 7.06378173828125 3.92141151428223 0 8
1688962356470 9 3.34088134765625 0.56195831298828 0 8
1736274108340 9 -5.909912109375 4.4174747467041 0 4
1739294007470 9 -3.396240234375 0.36597096920013 0 4
1742313906530 9 7.0631103515625 3.92117500305176 0 8
1745333805590 9 3.3411865234375 0.56198555231094 0 8
1792645574510 9 -5.909912109375 4.4174747467041 0 4
1795665473570 9 -3.3968505859375 0.36595940589905 0 4
1798685372630 9 7.0631103515625 3.92117500305176 0 8
1801705271690 9 3.3411865234375 0.56198936700821 0 8
1849017023630 9 -5.909912109375 4.4174747467041 0 4
1852036922690 9 -3.396240234375 0.36597180366516 0 4
1855056821750 9 7.0631103515625 3.92117500305176 0 8
1858076720810 9 3.3411865234375 0.56198555231094 0 8
1905388472750 9 -5.908203125 4.41796112060547 0 4
1908408371810 9 -3.396728515625 0.3658002614975 0 4
1911428270870 9 7.063232421875 3.92132568359375 0 8
1914448169930 9 3.341064453125 0.56153774261475 0 8
1961759921870 9 -5.908203125 4.4179515838623 0 4
1964779820930 9 -3.396728515625 0.36578488349915 0 4
1967799719990 9 7.063232421875 3.92132568359375 0 8
1970819619050 9 3.341064453125 0.56154108047485 0 8
2018131370990 9 -5.908203125 4.41796112060547 0 4
2021151270050 9 -3.396728515625 0.3658002614975 0 4
2024171169110 9 7.063232421875 3.92132568359375 0 8
2027191068170 9 3.341064453125 0.56153291463852 0 8
2074502820110 9 -5.908203125 4.41796112060547 0 4
2077522719170 9 -3.396728515625 0.36578071117401 0 4
2080542618230 9 7.063232421875 3.92132568359375 0 8
2083562517290 9 3.341064453125 0.56153059005737 0 8
1567159761090 10 -5.72589302062988 4.00341796875 0 4
1570179660150 10 -2.95129299163818 0.37473928928375 0 4
1573199559210 10 6.96029663085938 3.48821830749512 0 8
1576219458200 10 2.92207670211792 0.54537987709045 0 8
1623531210120 10 -5.72592163085938 4.00341796875 0 4
1626551109260 10 -2.95132446289063 0.3747615814209 0 4
1629571008320 10 6.96044921875 3.48821640014648 0 8
1632590906840 10 2.9219970703125 0.54542261362076 0 8
1679902659220 10 -5.72613525390625 4.00342750549316 0 4
1682922558350 10 -2.95123291015625 0.37476444244385 0 4
1685942457410 10 6.96044921875 3.48827648162842 0 8
1688962356470 10 2.9219970703125 0.54535484313965 0 8
1736274108340 10 -5.7264404296875 4.00320053100586 0 4
1739294007470 10 -2.950927734375 0.37485015392303 0 4
1742313906530 10 6.9598388671875 3.48800468444824 0 8
1745333805590 10 2.9224853515625 0.5453754067421 0 8
1792645574510 10 -5.7264404296875 4.00320053100586 0 4
1795665473570 10 -2.9515380859375 0.37483477592468 0 4
1798685372630 10 6.9598388671875 3.48800468444824 0 8
1801705271690 10 2.9224853515625 0.54537922143936 0 8
1849017023630 10 -5.7264404296875 4.00320053100586 0 4
1852036922690 10 -2.950927734375 0.37485241889954 0 4
1855056821750 10 6.9598388671875 3.48800468444824 0 8
1858076720810 10 2.9224853515625 0.5453754067421 0 8
1905388472750 10 -5.725341796875 4.0035457611084 0 4
1908408371810 10 -2.951904296875 0.37466013431549 0 4
1911428270870 10 6.960205078125 3.4881420135498 0 8
1914448169930 10 2.922119140625 0.54503154754639 0 8
1961759921870 10 -5.725341796875 4.00353622436523 0 4
1964779820930 10 -2.951904296875 0.37463808059692 0 4
1967799719990 10 6.960205078125 3.4881420135498 0 8
1970819619050 10 2.922119140625 0.54503297805786 0 8
2018131370990 10 -5.725341796875 4.0035457611084 0 4
2021151270050 10 -2.951904296875 0.37466013431549 0 4
2024171169110 10 6.960205078125 3.4881420135498 0 8
2027191068170 10 2.922119140625 0.54502934217453 0 8
2074502820110 10 -5.725341796875 4.0035457611084 0 4
2077522719170 10 -2.951904296875 0.37463212013245 0 4
2080542618230 10 6.960205078125 3.4881420135498 0 8
2083562517290 10 2.922119140625 0.54502701759338 0 8
1567159761090 11 -5.51811027526855 3.60213661193848 0 4
1570179660150 11 -2.53490543365479 0.52475434541702 0 4
1573199559210 11 6.8107795715332 3.07165145874023 0 8
1576219458200 11 2.48602247238159 0.46961998939514 0 8
1623531210120 11 -5.51815795898438 3.60214042663574 0 4
1626551109260 11 -2.53494262695313 0.5247820019722 0 4
1629571008320 11 6.81097412109375 3.07165145874023 0 8
1632590906840 11 2.48590087890625 0.46964421868324 0 8
1679902659220 11 -5.51824951171875 3.60218238830566 0 4
1682922558350 11 -2.53485107421875 0.52478486299515 0 4
1685942457410 11 6.8109130859375 3.07171726226807 0 8
1688962356470 11 2.4859619140625 0.46960601210594 0 8
1736274108340 11 -5.5184326171875 3.60201644897461 0 4
1739294007470 11 -2.534423828125 0.52489697933197 0 4
1742313906530 11 6.8104248046875 3.0713939666748 0 8
1745333805590 11 2.4864501953125 0.46960979700089 0 8
1792645574510 11 -5.5184326171875 3.60201263427734 0 4
1795665473570 11 -2.5350341796875 0.52487808465958 0 4
1798685372630 11 6.8104248046875 3.0713939666748 0 8
1801705271690 11 2.4864501953125 0.46961361169815 0 8
1849017023630 11 -5.5184326171875 3.60201644897461 0 4
1852036922690 11 -2.534423828125 0.5249006152153 0 4
1855056821750 11 6.8104248046875 3.0713939666748 0 8
1858076720810 11 2.4864501953125 0.46961027383804 0 8
1905388472750 11 -5.517822265625 3.60215377807617 0 4
1908408371810 11 -2.535888671875 0.52468889951706 0 4
1911428270870 11 6.810791015625 3.07151222229004 0 8
1914448169930 11 2.486083984375 0.46943044662476 0 8
1961759921870 11 -5.517822265625 3.60214233398438 0 4
1964779820930 11 -2.535888671875 0.52466064691544 0 4
1967799719990 11 6.810791015625 3.07151222229004 0 8
1970819619050 11 2.486083984375 0.46942949295044 0 8
2018131370990 11 -5.517822265625 3.60215377807617 0 4
2021151270050 11 -2.535888671875 0.52468889951706 0 4
2024171169110 11 6.810791015625 3.07151222229004 0 8
2027191068170 11 2.486083984375 0.4694319665432 0 8
2074502820110 11 -5.517822265625 3.60215187072754 0 4
2077522719170 11 -2.535888671875 0.52465295791626 0 4
2080542618230 11 6.810791015625 3.07151222229004 0 8
2083562517290 11 2.486083984375 0.46942964196205 0 8
1567159761090 12 -5.27624893188477 3.21873569488525 0 4
1570179660150 12 -2.13514709472656 0.72092467546463 0 4
1573199559210 12 6.53406715393066 2.72276782989502 0 8
1576219458200 12 2.06243276596069 0.34533679485321 0 8
1623531210120 12 -5.27630615234375 3.21874523162842 0 4
1626551109260 12 -2.13516235351563 0.7209580540657 0 4
1629571008320 12 6.5343017578125 2.72277164459229 0 8
1632590906840 12 2.06228637695313 0.34534314274788 0 8
1679902659220 12 -5.27630615234375 3.21881294250488 0 4
1682922558350 12 -2.1351318359375 0.72096091508865 0 4
1685942457410 12 6.53411865234375 2.7228479385376 0 8
1688962356470 12 2.06243896484375 0.34533390402794 0 8
1736274108340 12 -5.2762451171875 3.21870994567871 0 4
1739294007470 12 -2.134521484375 0.72109806537628 0 4
1742313906530 12 6.5338134765625 2.72242832183838 0 8
1745333805590 12 2.062744140625 0.34532088041306 0 8
1792645574510 12 -5.2762451171875 3.21870231628418 0 4
1795665473570 12 -2.1351318359375 0.72107607126236 0 4
1798685372630 12 6.5338134765625 2.72242832183838 0 8
1801705271690 12 2.062744140625 0.34532469511032 0 8
1849017023630 12 -5.2762451171875 3.21870994567871 0 4
1852036922690 12 -2.134521484375 0.72110289335251 0 4
1855056821750 12 6.5338134765625 2.72242832183838 0 8
1858076720810 12 2.062744140625 0.34532219171524 0 8
1905388472750 12 -5.275634765625 3.21868324279785 0 4
1908408371810 12 -2.136474609375 0.72087281942368 0 4
1911428270870 12 6.533935546875 2.72251129150391 0 8
1914448169930 12 2.062744140625 0.34530186653137 0 8
1961759921870 12 -5.275634765625 3.21866703033447 0 4
1964779820930 12 -2.136474609375 0.72083860635757 0 4
1967799719990 12 6.533935546875 2.72251129150391 0 8
1970819619050 12 2.062744140625 0.34529888629913 0 8
2018131370990 12 -5.275634765625 3.21868324279785 0 4
2021151270050 12 -2.136474609375 0.72087305784225 0 4
2024171169110 12 6.533935546875 2.72251129150391 0 8
2027191068170 12 2.062744140625 0.34530684351921 0 8
2074502820110 12 -5.275634765625 3.21867656707764 0 4
2077522719170 12 -2.136474609375 0.72082924842834 0 4
2080542618230 12 6.533935546875 2.72251129150391 0 8
2083562517290 12 2.062744140625 0.34530451893806 0 8
1567159761090 13 -5.02852249145508 2.83907413482666 0 4
1570179660150 13 -1.68550109863281 0.77862864732742 0 4
1573199559210 13 6.15281867980957 2.47749042510986 0 8
1576219458200 13 1.6258499622345 0.36549699306488 0 8
1623531210120 13 -5.02850341796875 2.83909511566162 0 4
1626551109260 13 -1.68557739257813 0.7786677479744 0 4
1629571008320 13 6.153076171875 2.47749805450439 0 8
1632590906840 13 1.62576293945313 0.36548474431038 0 8
1679902659220 13 -5.02850341796875 2.83917427062988 0 4
1682922558350 13 -1.6854248046875 0.77867060899734 0 4
1685942457410 13 6.15277099609375 2.47759342193604 0 8
1688962356470 13 1.62591552734375 0.36550554633141 0 8
1736274108340 13 -5.0281982421875 2.8391170501709 0 4
1739294007470 13 -1.684814453125 0.77883636951447 0 4
1742313906530 13 6.1524658203125 2.47704029083252 0 8
1745333805590 13 1.626220703125 0.36547535657883 0 8
1792645574510 13 -5.0281982421875 2.8391056060791 0 4
1795665473570 13 -1.6854248046875 0.77881056070328 0 4
1798685372630 13 6.1524658203125 2.47704029083252 0 8
1801705271690 13 1.626220703125 0.36547917127609 0 8
1849017023630 13 -5.0281982421875 2.8391170501709 0 4
1852036922690 13 -1.684814453125 0.77884310483932 0 4
1855056821750 13 6.1524658203125 2.47704029083252 0 8
1858076720810 13 1.626220703125 0.36547714471817 0 8
1905388472750 13 -5.027587890625 2.83892631530762 0 4
1908408371810 13 -1.687255859375 0.77859109640121 0 4
1911428270870 13 6.153076171875 2.47707366943359 0 8
1914448169930 13 1.626220703125 0.36562275886536 0 8
1961759921870 13 -5.027587890625 2.83890247344971 0 4
1964779820930 13 -1.687255859375 0.7785502076149 0 4
1967799719990 13 6.153076171875 2.47707366943359 0 8
1970819619050 13 1.626220703125 0.36561739444733 0 8
2018131370990 13 -5.027587890625 2.83892631530762 0 4
2021151270050 13 -1.687255859375 0.77859228849411 0 4
2024171169110 13 6.153076171875 2.47707366943359 0 8
2027191068170 13 1.626220703125 0.36563155055046 0 8
2074502820110 13 -5.027587890625 2.83891201019287 0 4
2077522719170 13 -1.687255859375 0.77853989601135 0 4
2080542618230 13 6.153076171875 2.47707366943359 0 8
2083562517290 13 1.626220703125 0.36562922596931 0 8
1567159761090 14 -4.64355850219727 2.59967517852783 0 4
1570179660150 14 -1.30237007141113 1.02095448970795 0 4
1573199559210 14 5.91095161437988 2.09407138824463 0 8
1576219458200 14 1.22426533699036 0.57583177089691 0 8
1623531210120 14 -4.64349365234375 2.59971523284912 0 4
1626551109260 14 -1.30239868164063 1.02099919319153 0 4
1629571008320 14 5.9112548828125 2.09408283233643 0 8
1632590906840 14 1.22415161132813 0.57580268383026 0 8
1679902659220 14 -4.64349365234375 2.59980964660645 0 4
1682922558350 14 -1.3023681640625 1.02100205421448 0 4
1685942457410 14 5.91082763671875 2.0941858291626 0 8
1688962356470 14 1.22430419921875 0.57585114240646 0 8
1736274108340 14 -4.6429443359375 2.59982872009277 0 4
1739294007470 14 -1.301513671875 1.02119171619415 0 4
1742313906530 14 5.9107666015625 2.09354877471924 0 8
1745333805590 14 1.224853515625 0.57580536603928 0 8
1792645574510 14 -4.6429443359375 2.59980964660645 0 4
1795665473570 14 -1.3021240234375 1.02116298675537 0 4
1798685372630 14 5.9107666015625 2.09354877471924 0 8
1801705271690 14 1.224853515625 0.57580918073654 0 8
1849017023630 14 -4.6429443359375 2.59982490539551 0 4
1852036922690 14 -1.301513671875 1.02119946479797 0 4
1855056821750 14 5.9107666015625 2.09354877471924 0 8
1858076720810 14 1.224853515625 0.57580715417862 0 8
1905388472750 14 -4.642822265625 2.5993824005127 0 4
1908408371810 14 -1.304443359375 1.02093017101288 0 4
1911428270870 14 5.910888671875 2.09355163574219 0 8
1914448169930 14 1.224853515625 0.57610410451889 0 8
1961759921870 14 -4.642822265625 2.59934711456299 0 4
1964779820930 14 -1.304443359375 1.02088356018066 0 4
1967799719990 14 5.910888671875 2.09355163574219 0 8
1970819619050 14 1.224853515625 0.57609647512436 0 8
2018131370990 14 -4.642822265625 2.5993824005127 0 4
2021151270050 14 -1.304443359375 1.02093136310577 0 4
2024171169110 14 5.910888671875 2.09355163574219 0 8
2027191068170 14 1.224853515625 0.57611608505249 0 8
2074502820110 14 -4.642822265625 2.59935665130615 0 4
2077522719170 14 -1.304443359375 1.02087128162384 0 4
2080542618230 14 5.910888671875 2.09355163574219 0 8
2083562517290 14 1.224853515625 0.5761137008667 0 8
1567159761090 15 -4.36152267456055 2.25507926940918 0 4
1570179660150 15 -0.92908978462219 1.27799260616302 0 4
1573199559210 15 5.56454849243164 1.81425857543945 0 8
1576219458200 15 0.97541630268097 0.71124994754791 0 8
1623531210120 15 -4.36138916015625 2.2551326751709 0 4
1626551109260 15 -0.92910766601563 1.27803254127502 0 4
1629571008320 15 5.56488037109375 1.81427371501923 0 8
1632590906840 15 0.97525024414063 0.71121513843536 0 8
1679902659220 15 -4.36138916015625 2.25523948669434 0 4
1682922558350 15 -0.92901611328125 1.27803540229797 0 4
1685942457410 15 5.5643310546875 1.81439173221588 0 8
1688962356470 15 0.97540283203125 0.71127408742905 0 8
1736274108340 15 -4.360595703125 2.25531196594238 0 4
1739294007470 15 -0.9281005859375 1.27827847003937 0 4
1742313906530 15 5.5643310546875 1.81363356113434 0 8
1745333805590 15 0.9761962890625 0.711201608181 0 8
1792645574510 15 -4.360595703125 2.25528812408447 0 4
1795665473570 15 -0.9287109375 1.27820301055908 0 4
1798685372630 15 5.5643310546875 1.81363356113434 0 8
1801705271690 15 0.9761962890625 0.711206138134 0 8
1849017023630 15 -4.360595703125 2.2553071975708 0 4
1852036922690 15 -0.9281005859375 1.27828669548035 0 4
1855056821750 15 5.5643310546875 1.81363499164581 0 8
1858076720810 15 0.9761962890625 0.71120339632034 0 8
1905388472750 15 -4.360595703125 2.25467872619629 0 4
1908408371810 15 -0.93115234375 1.27779376506805 0 4
1911428270870 15 5.564697265625 1.81359148025513 0 8
1914448169930 15 0.975830078125 0.7115826010704 0 8
1961759921870 15 -4.360595703125 2.25463485717773 0 4
1964779820930 15 -0.93115234375 1.27775144577026 0 4
1967799719990 15 5.564697265625 1.81359302997589 0 8
1970819619050 15 0.975830078125 0.71157425642014 0 8
2018131370990 15 -4.360595703125 2.25467872619629 0 4
2021151270050 15 -0.93115234375 1.27779352664948 0 4
2024171169110 15 5.564697265625 1.8135929107666 0 8
2027191068170 15 0.975830078125 0.71159672737122 0 8
2074502820110 15 -4.360595703125 2.2546443939209 0 4
2077522719170 15 -0.93115234375 1.27773869037628 0 4
2080542618230 15 5.564697265625 1.81359302997589 0 8
2083562517290 15 0.975830078125 0.71159434318542 0 8
1567159761090 16 -4.20562744140625 1.84085655212402 0 4
1570179660150 16 -0.56971716880798 1.55377805233002 0 4
1573199559210 16 5.22331619262695 1.52222442626953 0 8
1576219458200 16 0.80544626712799 0.86477673053741 0 8
1623531210120 16 -4.2054443359375 1.84091687202454 0 4
1626551109260 16 -0.56973266601563 1.5538113117218 0 4
1629571008320 16 5.2236328125 1.52225196361542 0 8
1632590906840 16 0.80526733398438 0.86473524570465 0 8
1679902659220 16 -4.20538330078125 1.84103083610535 0 4
1682922558350 16 -0.56964111328125 1.55381798744202 0 4
1685942457410 16 5.2230224609375 1.52236711978912 0 8
1688962356470 16 0.80535888671875 0.86480325460434 0 8
1736274108340 16 -4.20458984375 1.84113240242004 0 4
1739294007470 16 -0.5687255859375 1.5541182756424 0 4
1742313906530 16 5.2230224609375 1.52150309085846 0 8
1745333805590 16 0.8062744140625 0.8647078871727 0 8
1792645574510 16 -4.20458984375 1.84110617637634 0 4
1795665473570 16 -0.5693359375 1.55398941040039 0 4
1798685372630 16 5.2230224609375 1.52150595188141 0 8
1801705271690 16 0.8062744140625 0.86471480131149 0 8
1849017023630 16 -4.20458984375 1.84112763404846 0 4
1852036922690 16 -0.5687255859375 1.55412650108337 0 4
1855056821750 16 5.2230224609375 1.52150547504425 0 8
1858076720810 16 0.8062744140625 0.86470967531204 0 8
1905388472750 16 -4.204833984375 1.84039616584778 0 4
1908408371810 16 -0.57177734375 1.55338084697723 0 4
1911428270870 16 5.223876953125 1.52144861221313 0 8
1914448169930 16 0.805908203125 0.86515945196152 0 8
1961759921870 16 -4.204833984375 1.84034729003906 0 4
1964779820930 16 -0.57177734375 1.55334520339966 0 4
1967799719990 16 5.223876953125 1.52145302295685 0 8
1970819619050 16 0.805908203125 0.86515110731125 0 8
2018131370990 16 -4.204833984375 1.84039616584778 0 4
2021151270050 16 -0.57177734375 1.55337965488434 0 4
2024171169110 16 5.223876953125 1.52145195007324 0 8
2027191068170 16 0.805908203125 0.86517596244812 0 8
2074502820110 16 -4.204833984375 1.84035682678223 0 4
2077522719170 16 -0.57177734375 1.55333244800568 0 4
2080542618230 16 5.223876953125 1.52145302295685 0 8
2083562517290 16 0.805908203125 0.86517357826233 0 8
1567159761090 17 -4.09564781188965 1.40935277938843 0 4
1570179660150 17 -0.23919628560543 1.86093938350677 0 4
1573199559210 17 4.89336013793945 1.22319412231445 0 8
1576219458200 17 0.62881362438202 1.05136454105377 0 8
1623531210120 17 -4.09542846679688 1.40941786766052 0 4
1626551109260 17 -0.23919677734375 1.86096739768982 0 4
1629571008320 17 4.89364624023438 1.22324454784393 0 8
1632590906840 17 0.628662109375 1.05131161212921 0 8
1679902659220 17 -4.09527587890625 1.40953707695007 0 4
1682922558350 17 -0.23919677734375 1.86097979545593 0 4
1685942457410 17 4.89300537109375 1.22333490848541 0 8
1688962356470 17 0.628662109375 1.05139303207397 0 8
1736274108340 17 -4.0946044921875 1.40965914726257 0 4
1739294007470 17 -0.23828125 1.86133015155792 0 4
1742313906530 17 4.89306640625 1.22238504886627 0 8
1745333805590 17 0.6295166015625 1.05127716064453 0 8
1792645574510 17 -4.0946044921875 1.40963196754456 0 4
1795665473570 17 -0.2388916015625 1.86115741729736 0 4
1798685372630 17 4.89306640625 1.22239458560944 0 8
1801705271690 17 0.6295166015625 1.05128884315491 0 8
1849017023630 17 -4.0946044921875 1.40965390205383 0 4
1852036922690 17 -0.23828125 1.86133790016174 0 4
1855056821750 17 4.89306640625 1.22238743305206 0 8
1858076720810 17 0.6295166015625 1.05127882957459 0 8
1905388472750 17 -4.09521484375 1.40885043144226 0 4
1908408371810 17 -0.2412109375 1.86038720607758 0 4
1911428270870 17 4.894287109375 1.22235774993896 0 8
1914448169930 17 0.629638671875 1.05182588100433 0 8
1961759921870 17 -4.09521484375 1.4087986946106 0 4
1964779820930 17 -0.2412109375 1.86035680770874 0 4
1967799719990 17 4.894287109375 1.22236597537994 0 8
1970819619050 17 0.629638671875 1.05181705951691 0 8
2018131370990 17 -4.09521484375 1.40885043144226 0 4
2021151270050 17 -0.2412109375 1.86038601398468 0 4
2024171169110 17 4.894287109375 1.22236299514771 0 8
2027191068170 17 0.629638671875 1.05184543132782 0 8
2074502820110 17 -4.09521484375 1.40880823135376 0 4
2077522719170 17 -0.2412109375 1.86034405231476 0 4
2080542618230 17 4.894287109375 1.22236597537994 0 8
2083562517290 17 0.629638671875 1.05184304714203 0 8
1567159761090 18 -3.84792375564575 1.0296893119812 0 4
1570179660150 18 0.03663994371891 2.22069668769836 0 4
1573199559210 18 4.4771842956543 1.0434455871582 0 8
1576219458200 18 0.34828963875771 1.20789301395416 0 8
1623531210120 18 -3.84762573242188 1.02976775169373 0 4
1626551109260 18 0.03668212890625 2.22072076797485 0 4
1629571008320 18 4.47750854492188 1.04352462291718 0 8
1632590906840 18 0.34814453125 1.20782864093781 0 8
1679902659220 18 -3.84747314453125 1.02989649772644 0 4
1682922558350 18 0.03668212890625 2.22073554992676 0 4
1685942457410 18 4.47674560546875 1.04358446598053 0 8
1688962356470 18 0.34814453125 1.207923412323 0 8
1736274108340 18 -3.8465576171875 1.03006625175476 0 4
1739294007470 18 0.03759765625 2.22112941741943 0 4
1742313906530 18 4.47705078125 1.04252588748932 0 8
1745333805590 18 0.3487548828125 1.20777130126953 0 8
1792645574510 18 -3.8465576171875 1.03003525733948 0 4
1795665473570 18 0.0369873046875 2.22091841697693 0 4
1798685372630 18 4.47705078125 1.04254496097565 0 8
1801705271690 18 0.3487548828125 1.20779061317444 0 8
1849017023630 18 -3.8465576171875 1.03005909919739 0 4
1852036922690 18 0.03759765625 2.22113633155823 0 4
1855056821750 18 4.47705078125 1.04252827167511 0 8
1858076720810 18 0.3487548828125 1.20777297019959 0 8
1905388472750 18 -3.84716796875 1.02909350395203 0 4
1908408371810 18 0.03515625 2.22000622749329 0 4
1911428270870 18 4.478271484375 1.0425329208374 0 8
1914448169930 18 0.349365234375 1.20846307277679 0 8
1961759921870 18 -3.84716796875 1.02903604507446 0 4
1964779820930 18 0.03515625 2.21997976303101 0 4
1967799719990 18 4.478271484375 1.04254496097565 0 8
1970819619050 18 0.349365234375 1.20845234394073 0 8
2018131370990 18 -3.84716796875 1.02909350395203 0 4
2021151270050 18 0.03515625 2.22000503540039 0 4
2024171169110 18 4.478271484375 1.04254007339478 0 8
2027191068170 18 0.349365234375 1.20848643779755 0 8
2074502820110 18 -3.84716796875 1.02904558181763 0 4
2077522719170 18 0.03515625 2.21996712684631 0 4
2080542618230 18 4.478271484375 1.04254496097565 0 8
2083562517290 18 0.349365234375 1.20848405361176 0 8
1567159761090 19 -3.46295595169067 0.79029035568237 0 4
1570179660150 19 0.20471924543381 2.64172101020813 0 4
1573199559210 19 4.12633895874023 0.75636291503906 0 8
1576219458200 19 0.26486507058144 1.25346720218658 0 8
1623531210120 19 -3.46261596679688 0.79038786888123 0 4
1626551109260 19 0.20477294921875 2.64174509048462 0 4
1629571008320 19 4.12667846679688 0.75648009777069 0 8
1632590906840 19 0.2647705078125 1.2533951997757 0 8
1679902659220 19 -3.46246337890625 0.79053378105164 0 4
1682922558350 19 0.20465087890625 2.64175987243652 0 4
1685942457410 19 4.12591552734375 0.75647401809692 0 8
1688962356470 19 0.2646484375 1.25349378585815 0 8
1736274108340 19 -3.4613037109375 0.790776014328 0 4
1739294007470 19 0.20556640625 2.64219188690186 0 4
1742313906530 19 4.12646484375 0.75536417961121 0 8
1745333805590 19 0.2652587890625 1.25333976745605 0 8
1792645574510 19 -3.4613037109375 0.79074013233185 0 4
1795665473570 19 0.2049560546875 2.64195418357849 0 4
1798685372630 19 4.12646484375 0.75539171695709 0 8
1801705271690 19 0.2652587890625 1.25337052345276 0 8
1849017023630 19 -3.4613037109375 0.790766954422 0 4
1852036922690 19 0.20556640625 2.64219880104065 0 4
1855056821750 19 4.12646484375 0.75536739826202 0 8
1858076720810 19 0.2652587890625 1.25334143638611 0 8
1905388472750 19 -3.46240234375 0.78954768180847 0 4
1908408371810 19 0.203125 2.64094662666321 0 4
1911428270870 19 4.127685546875 0.75546169281006 0 8
1914448169930 19 0.265380859375 1.2541116476059 0 8
1961759921870 19 -3.46240234375 0.78948158025742 0 4
1964779820930 19 0.203125 2.64092016220093 0 4
1967799719990 19 4.127685546875 0.75547480583191 0 8
1970819619050 19 0.265380859375 1.25410091876984 0 8
2018131370990 19 -3.46240234375 0.78954768180847 0 4
2021151270050 19 0.203125 2.64094543457031 0 4
2024171169110 19 4.127685546875 0.75546884536743 0 8
2027191068170 19 0.265380859375 1.25413691997528 0 8
2074502820110 19 -3.46240234375 0.78949111700058 0 4
2077522719170 19 0.203125 2.64090752601624 0 4
2080542618230 19 4.127685546875 0.75547456741333 0 8
2083562517290 19 0.265380859375 1.25413262844086 0 8
1567159761090 20 -3.02915906906128 0.68973398208618 0 4
1570179660150 20 0.22753876447678 3.08643460273743 0 4
1573199559210 20 3.78067207336426 0.46309834718704 0 8
1576219458200 20 0.10097849369049 1.45919573307037 0 8
1623531210120 20 -3.02880859375 0.68985342979431 0 4
1626551109260 20 0.22756958007813 3.08645868301392 0 4
1629571008320 20 3.78106689453125 0.46317845582962 0 8
1632590906840 20 0.10092163085938 1.45911467075348 0 8
1679902659220 20 -3.028564453125 0.69001865386963 0 4
1682922558350 20 0.2274169921875 3.08647346496582 0 4
1685942457410 20 3.78021240234375 0.46321099996567 0 8
1688962356470 20 0.10076904296875 1.45921850204468 0 8
1736274108340 20 -3.02734375 0.69034266471863 0 4
1739294007470 20 0.2281494140625 3.08690929412842 0 4
1742313906530 20 3.7806396484375 0.46226492524147 0 8
1745333805590 20 0.1011962890625 1.45905685424805 0 8
1792645574510 20 -3.02734375 0.69030058383942 0 4
1795665473570 20 0.2279052734375 3.08666777610779 0 4
1798685372630 20 3.7806396484375 0.46229255199432 0 8
1801705271690 20 0.1011962890625 1.45910334587097 0 8
1849017023630 20 -3.02734375 0.69033098220825 0 4
1852036922690 20 0.2281494140625 3.08691620826721 0 4
1855056821750 20 3.7806396484375 0.46226552128792 0 8
1858076720810 20 0.1011962890625 1.4590585231781 0 8
1905388472750 20 -3.028564453125 0.68882656097412 0 4
1908408371810 20 0.22607421875 3.08564782142639 0 4
1911428270870 20 3.7822265625 0.46231660246849 0 8
1914448169930 20 0.1015625 1.45994317531586 0 8
1961759921870 20 -3.028564453125 0.68874973058701 0 4
1964779820930 20 0.22607421875 3.08562135696411 0 4
1967799719990 20 3.7822265625 0.462327003479 0 8
1970819619050 20 0.1015625 1.4599324464798 0 8
2018131370990 20 -3.028564453125 0.68882656097412 0 4
2021151270050 20 0.22607421875 3.0856466293335 0 4
2024171169110 20 3.7822265625 0.46232295036316 0 8
2027191068170 20 0.1015625 1.45997035503387 0 8
2074502820110 20 -3.028564453125 0.68875926733017 0 4
2077522719170 20 0.22607421875 3.08560872077942 0 4
2080542618230 20 3.7822265625 0.46232390403748 0 8
2083562517290 20 0.1015625 1.45996415615082 0 8
1567159761090 21 -2.58870077133179 0.73310565948486 0 4
1570179660150 21 0.11056415736675 3.51404881477356 0 4
1573199559210 21 3.45461082458496 0.27226477861404 0 8
1576219458200 21 -0.08726881444454 1.79550993442535 0 8
1623531210120 21 -2.58837890625 0.73324751853943 0 4
1626551109260 21 0.11056518554688 3.51407289505005 0 4
1629571008320 21 3.455078125 0.27229005098343 0 8
1632590906840 21 -0.08731079101563 1.79542410373688 0 8
1679902659220 21 -2.5880126953125 0.73343181610107 0 4
1682922558350 21 0.1104736328125 3.51409721374512 0 4
1685942457410 21 3.45416259765625 0.27238577604294 0 8
1688962356470 21 -0.08746337890625 1.79553937911987 0 8
1736274108340 21 -2.5869140625 0.73383927345276 0 4
1739294007470 21 0.1109619140625 3.51449298858643 0 4
1742313906530 21 3.4544677734375 0.27165976166725 0 8
1745333805590 21 -0.0870361328125 1.79537963867188 0 8
1792645574510 21 -2.5869140625 0.73379099369049 0 4
1795665473570 21 0.1109619140625 3.51425337791443 0 4
1798685372630 21 3.4544677734375 0.27168476581573 0 8
1801705271690 21 -0.0870361328125 1.79543089866638 0 8
1849017023630 21 -2.5869140625 0.73382472991943 0 4
1852036922690 21 0.1109619140625 3.51449990272522 0 4
1855056821750 21 3.4544677734375 0.27165701985359 0 8
1858076720810 21 -0.0870361328125 1.79538130760193 0 8
1905388472750 21 -2.588134765625 0.73203086853027 0 4
1908408371810 21 0.109375 3.513347864151 0 4
1911428270870 21 3.4560546875 0.27162683010101 0 8
1914448169930 21 -0.08642578125 1.79627549648285 0 8
1961759921870 21 -2.588134765625 0.73194307088852 0 4
1964779820930 21 0.109375 3.51332139968872 0 4
1967799719990 21 3.4560546875 0.27163314819336 0 8
1970819619050 21 -0.08642578125 1.79626476764679 0 8
2018131370990 21 -2.588134765625 0.73203086853027 0 4
2021151270050 21 0.109375 3.51334667205811 0 4
2024171169110 21 3.4560546875 0.27163195610046 0 8
2027191068170 21 -0.08642578125 1.79630267620087 0 8
2074502820110 21 -2.588134765625 0.73195260763168 0 4
2077522719170 21 0.109375 3.51330876350403 0 4
2080542618230 21 3.4560546875 0.27162671089172 0 8
2083562517290 21 -0.08642578125 1.79629552364349 0 8
1567159761090 22 -2.18284845352173 0.91634178161621 0 4
1570179660150 22 -0.05036599934101 3.92925000190735 0 4
1573199559210 22 3.11135864257813 0.22407335042953 0 8
1576219458200 22 -0.22501485049725 2.2189679145813 0 8
1623531210120 22 -2.18258666992188 0.91650438308716 0 4
1626551109260 22 -0.05038452148438 3.92927408218384 0 4
1629571008320 22 3.11187744140625 0.22406738996506 0 8
1632590906840 22 -0.22506713867188 2.21888208389282 0 8
1679902659220 22 -2.18212890625 0.9167058467865 0 4
1682922558350 22 -0.05035400390625 3.92931270599365 0 4
1685942457410 22 3.1109619140625 0.22419095039368 0 8
1688962356470 22 -0.2252197265625 2.21901082992554 0 8
1736274108340 22 -2.1812744140625 0.91719031333923 0 4
1739294007470 22 -0.050048828125 3.92965221405029 0 4
1742313906530 22 3.111328125 0.22364571690559 0 8
1745333805590 22 -0.224609375 2.21886157989502 0 8
1792645574510 22 -2.1812744140625 0.91713678836823 0 4
1795665473570 22 -0.050048828125 3.92941355705261 0 4
1798685372630 22 3.111328125 0.22366660833359 0 8
1801705271690 22 -0.224609375 2.21890711784363 0 8
1849017023630 22 -2.1812744140625 0.91717314720154 0 4
1852036922690 22 -0.050048828125 3.92965912818909 0 4
1855056821750 22 3.111328125 0.2236410677433 0 8
1858076720810 22 -0.224609375 2.21886324882507 0 8
1905388472750 22 -2.182373046875 0.91511249542236 0 4
1908408371810 22 -0.05126953125 3.92867207527161 0 4
1911428270870 22 3.112548828125 0.2235614657402 0 8
1914448169930 22 -0.22412109375 2.21967720985413 0 8
1961759921870 22 -2.182373046875 0.91501492261887 0 4
1964779820930 22 -0.05126953125 3.92864561080933 0 4
1967799719990 22 3.112548828125 0.22356504201889 0 8
1970819619050 22 -0.22412109375 2.21966767311096 0 8
2018131370990 22 -2.182373046875 0.91511249542236 0 4
2021151270050 22 -0.05126953125 3.92867088317871 0 4
2024171169110 22 3.112548828125 0.22356641292572 0 8
2027191068170 22 -0.22412109375 2.21970343589783 0 8
2074502820110 22 -2.182373046875 0.91502445936203 0 4
2077522719170 22 -0.05126953125 3.92863297462463 0 4
2080542618230 22 3.112548828125 0.22355771064758 0 8
2083562517290 22 -0.22412109375 2.21969628334045 0 8
1567159761090 23 -1.85196924209595 1.22623038291931 0 4
1570179660150 23 -0.06904013454914 4.38219928741455 0 4
1573199559210 23 2.66289520263672 0.29033464193344 0 8
1576219458200 23 -0.21863667666912 2.67225694656372 0 8
1623531210120 23 -1.85177612304688 1.22640872001648 0 4
1626551109260 23 -0.06906127929688 4.38222360610962 0 4
1629571008320 23 2.66339111328125 0.29034394025803 0 8
1632590906840 23 -0.21871948242188 2.67217111587524 0 8
1679902659220 23 -1.851318359375 1.2266252040863 0 4
1682922558350 23 -0.06890869140625 4.38226222991943 0 4
1685942457410 23 2.6624755859375 0.29042020440102 0 8
1688962356470 23 -0.2188720703125 2.67229986190796 0 8
1736274108340 23 -1.8507080078125 1.22717237472534 0 4
1739294007470 23 -0.068603515625 4.38259410858154 0 4
1742313906530 23 2.6630859375 0.28998425602913 0 8
1745333805590 23 -0.21826171875 2.67215061187744 0 8
1792645574510 23 -1.8507080078125 1.22711360454559 0 4
1795665473570 23 -0.068603515625 4.3823561668396 0 4
1798685372630 23 2.6630859375 0.28999790549278 0 8
1801705271690 23 -0.21826171875 2.67219614982605 0 8
1849017023630 23 -1.8507080078125 1.22715330123901 0 4
1852036922690 23 -0.068603515625 4.38260126113892 0 4
1855056821750 23 2.6630859375 0.28998103737831 0 8
1858076720810 23 -0.21826171875 2.6721522808075 0 8
1905388472750 23 -1.851318359375 1.2248752117157 0 4
1908408371810 23 -0.06982421875 4.38163614273071 0 4
1911428270870 23 2.664306640625 0.28993013501167 0 8
1914448169930 23 -0.21826171875 2.67297005653381 0 8
1961759921870 23 -1.851318359375 1.22476863861084 0 4
1964779820930 23 -0.06982421875 4.38160991668701 0 4
1967799719990 23 2.664306640625 0.28993466496468 0 8
1970819619050 23 -0.21826171875 2.67296051979065 0 8
2018131370990 23 -1.851318359375 1.2248752117157 0 4
2021151270050 23 -0.06982421875 4.3816351890564 0 4
2024171169110 23 2.664306640625 0.28993785381317 0 8
2027191068170 23 -0.21826171875 2.67299628257751 0 8
2074502820110 23 -1.851318359375 1.224778175354 0 4
2077522719170 23 -0.06982421875 4.38159704208374 0 4
2080542618230 23 2.664306640625 0.28993201255798 0 8
2083562517290 23 -0.21826171875 2.67298913002014 0 8
1567159761090 24 -1.55054712295532 1.56484007835388 0 4
1570179660150 24 0.0352232940495 4.82337665557861 0 4
1573199559210 24 2.22844314575195 0.16085857152939 0 8
1576219458200 24 -0.33382678031921 3.11071062088013 0 8
1623531210120 24 -1.55038452148438 1.56502795219421 0 4
1626551109260 24 0.03518676757813 4.82340097427368 0 4
1629571008320 24 2.22894287109375 0.16088247299194 0 8
1632590906840 24 -0.33395385742188 3.11062860488892 0 8
1679902659220 24 -1.550048828125 1.565265417099 0 4
1682922558350 24 0.03533935546875 4.82344722747803 0 4
1685942457410 24 2.2281494140625 0.16091284155846 0 8
1688962356470 24 -0.3341064453125 3.11077260971069 0 8
1736274108340 24 -1.5494384765625 1.56585454940796 0 4
1739294007470 24 0.035400390625 4.82380962371826 0 4
1742313906530 24 2.228515625 0.16058287024498 0 8
1745333805590 24 -0.33349609375 3.11057758331299 0 8
1792645574510 24 -1.5494384765625 1.56579768657684 0 4
1795665473570 24 0.035400390625 4.82357931137085 0 4
1798685372630 24 2.228515625 0.16058936715126 0 8
1801705271690 24 -0.33349609375 3.1106231212616 0 8
1849017023630 24 -1.5494384765625 1.56583547592163 0 4
1852036922690 24 0.035400390625 4.82381677627563 0 4
1855056821750 24 2.228515625 0.16058078408241 0 8
1858076720810 24 -0.33349609375 3.11057925224304 0 8
1905388472750 24 -1.591552734375 1.596195936203 0 4
1908408371810 24 0.03466796875 4.82273721694946 0 4
1911428270870 24 2.229736328125 0.16055801510811 0 8
1914448169930 24 -0.33349609375 3.11141228675842 0 8
1961759921870 24 -1.591552734375 1.59609127044678 0 4
1964779820930 24 0.03466796875 4.82271099090576 0 4
1967799719990 24 2.229736328125 0.16056349873543 0 8
1970819619050 24 -0.33349609375 3.11140275001526 0 8
2018131370990 24 -1.591552734375 1.59619784355164 0 4
2021151270050 24 0.03466796875 4.82273626327515 0 4
2024171169110 24 2.229736328125 0.16056841611862 0 8
2027191068170 24 -0.33349609375 3.11143851280212 0 8
2074502820110 24 -1.591552734375 1.59610080718994 0 4
2077522719170 24 0.03466796875 4.82269811630249 0 4
2080542618230 24 2.229736328125 0.16056513786316 0 8
2083562517290 24 -0.33349609375 3.11143136024475 0 8
1567159761090 25 -1.20697784423828 1.85844588279724 0 4
1570179660150 25 0.08134268224239 5.27307987213135 0 4
1573199559210 25 1.86795628070831 0.16570430994034 0 8
1576219458200 25 -0.502081990242 3.53040742874146 0 8
1623531210120 25 -1.206787109375 1.85863900184631 0 4
1626551109260 25 0.081298828125 5.27310419082642 0 4
1629571008320 25 1.86846923828125 0.16574096679688 0 8
1632590906840 25 -0.502197265625 3.53033494949341 0 8
1679902659220 25 -1.20648193359375 1.85889601707459 0 4
1682922558350 25 0.08135986328125 5.27315235137939 0 4
1685942457410 25 1.8677978515625 0.16573038697243 0 8
1688962356470 25 -0.50244140625 3.53048276901245 0 8
1736274108340 25 -1.2060546875 1.8595085144043 0 4
1739294007470 25 0.08154296875 5.27352809906006 0 4
1742313906530 25 1.867919921875 0.16549035906792 0 8
1745333805590 25 -0.5018310546875 3.53025341033936 0 8
1792645574510 25 -1.2060546875 1.85945641994476 0 4
1795665473570 25 0.08154296875 5.27329969406128 0 4
1798685372630 25 1.867919921875 0.16549077630043 0 8
1801705271690 25 -0.5018310546875 3.53029608726501 0 8
1849017023630 25 -1.2060546875 1.85949087142944 0 4
1852036922690 25 0.08154296875 5.27353525161743 0 4
1855056821750 25 1.867919921875 0.16548946499825 0 8
1858076720810 25 -0.5018310546875 3.53025507926941 0 8
1905388472750 25 -1.240234375 1.87227463722229 0 4
1908408371810 25 0.081298828125 5.27240991592407 0 4
1911428270870 25 1.877197265625 0.16433772444725 0 8
1914448169930 25 -0.50146484375 3.53109765052795 0 8
1961759921870 25 -1.240234375 1.87217330932617 0 4
1964779820930 25 0.081298828125 5.27238368988037 0 4
1967799719990 25 1.877197265625 0.16434398293495 0 8
1970819619050 25 -0.50146484375 3.53108811378479 0 8
2018131370990 25 -1.240234375 1.87227988243103 0 4
2021151270050 25 0.081298828125 5.27240896224976 0 4
2024171169110 25 1.877197265625 0.16435039043427 0 8
2027191068170 25 -0.50146484375 3.53112387657166 0 8
2074502820110 25 -1.240234375 1.87218284606934 0 4
2077522719170 25 0.081298828125 5.2723708152771 0 4
2080542618230 25 1.877197265625 0.1643493771553 0 8
2083562517290 25 -0.50146484375 3.53111672401428 0 8
1567159761090 26 -0.91447830200195 2.19384074211121 0 4
1570179660150 26 0.13120925426483 5.72306156158447 0 4
1573199559210 26 1.51081764698029 0.315305352211 0 8
1576219458200 26 -0.59195053577423 3.96377611160278 0 8
1623531210120 26 -0.91424560546875 2.19404149055481 0 4
1626551109260 26 0.13116455078125 5.72308588027954 0 4
1629571008320 26 1.5113525390625 0.31535464525223 0 8
1632590906840 26 -0.592041015625 3.963707447052 0 8
1679902659220 26 -0.91400146484375 2.19431948661804 0 4
1682922558350 26 0.13116455078125 5.72313404083252 0 4
1685942457410 26 1.5107421875 0.31530436873436 0 8
1688962356470 26 -0.59228515625 3.96385526657104 0 8
1736274108340 26 -0.913818359375 2.19495391845703 0 4
1739294007470 26 0.13134765625 5.72352123260498 0 4
1742313906530 26 1.5107421875 0.31515273451805 0 8
1745333805590 26 -0.5916748046875 3.96361255645752 0 8
1792645574510 26 -0.913818359375 2.19490671157837 0 4
1795665473570 26 0.13134765625 5.7232928276062 0 4
1798685372630 26 1.5107421875 0.31514719128609 0 8
1801705271690 26 -0.5916748046875 3.96365332603455 0 8
1849017023630 26 -0.913818359375 2.19493722915649 0 4
1852036922690 26 0.13134765625 5.72352838516235 0 4
1855056821750 26 1.5107421875 0.3151530623436 0 8
1858076720810 26 -0.5916748046875 3.96361422538757 0 8
1905388472750 26 -0.87890625 2.14411187171936 0 4
1908408371810 26 0.131591796875 5.72237634658813 0 4
1911428270870 26 1.525634765625 0.31325617432594 0 8
1914448169930 26 -0.59130859375 3.96446061134338 0 8
1961759921870 26 -0.87890625 2.14401435852051 0 4
1964779820930 26 0.131591796875 5.72235012054443 0 4
1967799719990 26 1.525634765625 0.31326314806938 0 8
1970819619050 26 -0.59130859375 3.96445107460022 0 8
2018131370990 26 -0.87890625 2.14411902427673 0 4
2021151270050 26 0.131591796875 5.72237539291382 0 4
2024171169110 26 1.525634765625 0.31327110528946 0 8
2027191068170 26 -0.59130859375 3.96448683738709 0 8
2074502820110 26 -0.87890625 2.14402389526367 0 4
2077522719170 26 0.131591796875 5.72233724594116 0 4
2080542618230 26 1.525634765625 0.31327223777771 0 8
2083562517290 26 -0.59130859375 3.96447968482971 0 8
1567159761090 27 -0.73759841918945 2.55900740623474 0 4
1570179660150 27 0.22292101383209 6.16576099395752 0 4
1573199559210 27 1.17670166492462 0.55740869045258 0 8
1576219458200 27 -0.56861937046051 4.41552972793579 0 8
1623531210120 27 -0.73733520507813 2.55921483039856 0 4
1626551109260 27 0.22286987304688 6.16578340530396 0 4
1629571008320 27 1.17724609375 0.55746656656265 0 8
1632590906840 27 -0.56869506835938 4.41545867919922 0 8
1679902659220 27 -0.7371826171875 2.55950808525085 0 4
1682922558350 27 0.222900390625 6.16583347320557 0 4
1685942457410 27 1.1766357421875 0.55738931894302 0 8
1688962356470 27 -0.56884765625 4.41560459136963 0 8
1736274108340 27 -0.7371826171875 2.56016159057617 0 4
1739294007470 27 0.222900390625 6.16623783111572 0 4
1742313906530 27 1.1766357421875 0.55731153488159 0 8
1745333805590 27 -0.5682373046875 4.41537189483643 0 8
1792645574510 27 -0.7371826171875 2.56011724472046 0 4
1795665473570 27 0.222900390625 6.16600942611694 0 4
1798685372630 27 1.1766357421875 0.55730110406876 0 8
1801705271690 27 -0.5682373046875 4.41541242599487 0 8
1849017023630 27 -0.7371826171875 2.56014490127563 0 4
1852036922690 27 0.222900390625 6.1662449836731 0 4
1855056821750 27 1.1766357421875 0.55731290578842 0 8
1858076720810 27 -0.5682373046875 4.4153733253479 0 8
1905388472750 27 -0.514404296875 2.40047287940979 0 4
1908408371810 27 0.223388671875 6.16506433486938 0 4
1911428270870 27 1.181396484375 0.55138897895813 0 8
1914448169930 27 -0.568359375 4.41621780395508 0 8
1961759921870 27 -0.5146484375 2.40038013458252 0 4
1964779820930 27 0.223388671875 6.16503810882568 0 4
1967799719990 27 1.181396484375 0.55139660835266 0 8
1970819619050 27 -0.568359375 4.41620826721191 0 8
2018131370990 27 -0.514404296875 2.40048003196716 0 4
2021151270050 27 0.223388671875 6.16506338119507 0 4
2024171169110 27 1.181396484375 0.55140525102615 0 8
2027191068170 27 -0.568359375 4.41624402999878 0 8
2074502820110 27 -0.5146484375 2.40038967132568 0 4
2077522719170 27 0.223388671875 6.16502523422241 0 4
2080542618230 27 1.181396484375 0.55140829086304 0 8
2083562517290 27 -0.568359375 4.41623687744141 0 8
1567159761090 28 -0.71222114562988 2.84311842918396 0 4
1570179660150 28 0.37078249454498 6.59430408477783 1000 4
1573199559210 28 0.97557175159454 0.77707517147064 0 8
1576219458200 28 -0.49391424655914 4.86266565322876 0 8
1623531210120 28 -0.71194458007813 2.84331822395325 0 4
1626551109260 28 0.37069702148438 6.59431886672974 1000 4
1629571008320 28 0.97607421875 0.77712732553482 0 8
1632590906840 28 -0.49398803710938 4.86258697509766 0 8
1679902659220 28 -0.7117919921875 2.84360384941101 0 4
1682922558350 28 0.370849609375 6.59437656402588 1000 4
1685942457410 28 0.9754638671875 0.7770624756813 0 8
1688962356470 28 -0.494140625 4.86272525787354 0 8
1736274108340 28 -0.7117919921875 2.84425354003906 0 4
1739294007470 28 0.370849609375 6.59480381011963 1000 4
1742313906530 28 0.9754638671875 0.7770037651062 0 8
1745333805590 28 -0.4935302734375 4.86253070831299 0 8
1792645574510 28 -0.7117919921875 2.84420919418335 0 4
1795665473570 28 0.370849609375 6.59457540512085 1000 4
1798685372630 28 0.9754638671875 0.77699238061905 0 8
1801705271690 28 -0.4935302734375 4.86257123947144 0 8
1849017023630 28 -0.7117919921875 2.84423685073853 0 4
1852036922690 28 0.370849609375 6.594810962677 1000 4
1855056821750 28 0.9754638671875 0.77700513601303 0 8
1858076720810 28 -0.4935302734375 4.86253213882446 0 8
1905388472750 28 -0.078857421875 2.52788758277893 0 4
1908408371810 28 0.370849609375 6.5936074256897 1000 4
1911428270870 28 0.938232421875 0.75490021705627 0 8
1914448169930 28 -0.494140625 4.86336898803711 0 8
1961759921870 28 -0.080078125 2.52780246734619 0 4
1964779820930 28 0.370849609375 6.593581199646 1000 4
1967799719990 28 0.938232421875 0.75490880012512 0 8
1970819619050 28 -0.494140625 4.86335945129395 0 8
2018131370990 28 -0.078857421875 2.5278947353363 0 4
2021151270050 28 0.370849609375 6.59360647201538 1000 4
2024171169110 28 0.938232421875 0.75491458177567 0 8
2027191068170 28 -0.494140625 4.86339521408081 0 8
2074502820110 28 -0.080078125 2.52781200408936 0 4
2077522719170 28 0.370849609375 6.59356832504272 1000 4
2080542618230 28 0.938232421875 0.75491952896118 0 8
2083562517290 28 -0.494140625 4.86338806152344 0 8
1567159761090 29 -0.86649513244629 3.26939558982849 0 4
1570179660150 29 0.37078249454498 6.59430408477783 1000 4
1573199559210 29 0.56746304035187 0.97445333003998 0 8
1576219458200 29 -0.36062729358673 5.29596185684204 0 8
1623531210120 29 -0.86624145507813 3.26958775520325 0 4
1626551109260 29 0.37069702148438 6.59431886672974 1000 4
1629571008320 29 0.56787109375 0.97443586587906 0 8
1632590906840 29 -0.36068725585938 5.29587554931641 0 8
1679902659220 29 -0.8660888671875 3.26985430717468 0 4
1682922558350 29 0.370849609375 6.59437656402588 1000 4
1685942457410 29 0.5672607421875 0.97444921731949 0 8
1688962356470 29 -0.36083984375 5.29599857330322 0 8
1736274108340 29 -0.8660888671875 3.27048873901367 0 4
1739294007470 29 0.370849609375 6.59480381011963 1000 4
1742313906530 29 0.5672607421875 0.97439527511597 0 8
1745333805590 29 -0.3602294921875 5.29587268829346 0 8
1792645574510 29 -0.8660888671875 3.27044057846069 0 4
1795665473570 29 0.370849609375 6.59457540512085 1000 4
1798685372630 29 0.5672607421875 0.97438579797745 0 8
1801705271690 29 -0.3602294921875 5.2959132194519 0 8
1849017023630 29 -0.8660888671875 3.27046823501587 0 4
1852036922690 29 0.370849609375 6.594810962677 1000 4
1855056821750 29 0.5672607421875 0.9743966460228 0 8
1858076720810 29 -0.3602294921875 5.2958664894104 0 8
1905388472750 29 0.348876953125 2.67756104469299 0 4
1908408371810 29 0.370849609375 6.5936074256897 1000 4
1911428270870 29 0.762451171875 0.85278058052063 0 8
1914448169930 29 -0.361328125 5.29666519165039 0 8
1961759921870 29 0.34765625 2.67757892608643 0 4
1964779820930 29 0.370849609375 6.593581199646 1000 4
1967799719990 29 0.762451171875 0.85278725624084 0 8
1970819619050 29 -0.361328125 5.29665565490723 0 8
2018131370990 29 0.348876953125 2.67756819725037 0 4
2021151270050 29 0.370849609375 6.59360647201538 1000 4
2024171169110 29 0.762451171875 0.85279303789139 0 8
2027191068170 29 -0.361328125 5.29669141769409 0 8
2074502820110 29 0.34765625 2.67758464813232 0 4
2077522719170 29 0.370849609375 6.59356832504272 1000 4
2080542618230 29 0.762451171875 0.85279989242554 0 8
2083562517290 29 -0.361328125 5.29668426513672 0 8
1567159761090 30 -0.87481474876404 3.7146155834198 0 4
1570179660150 30 0.37078249454498 6.59430408477783 1000 4
1573199559210 30 0.25059342384338 1.287318110466 0 8
1576219458200 30 -0.22646594047546 5.7289891242981 0 8
1623531210120 30 -0.87460327148438 3.71480870246887 0 4
1626551109260 30 0.37069702148438 6.59431886672974 1000 4
1629571008320 30 0.25094604492188 1.28724610805511 0 8
1632590906840 30 -0.22647094726563 5.72889518737793 0 8
1679902659220 30 -0.87445068359375 3.71507334709167 0 4
1682922558350 30 0.370849609375 6.59437656402588 1000 4
1685942457410 30 0.25042724609375 1.2873203754425 0 8
1688962356470 30 -0.22662353515625 5.72899723052979 0 8
1736274108340 30 -0.8746337890625 3.71570682525635 0 4
1739294007470 30 0.370849609375 6.59480381011963 1000 4
1742313906530 30 0.250244140625 1.28727054595947 0 8
1745333805590 30 -0.2261962890625 5.7289457321167 0 8
1792645574510 30 -0.8746337890625 3.71565771102905 0 4
1795665473570 30 0.370849609375 6.59457540512085 1000 4
1798685372630 30 0.250244140625 1.28726148605347 0 8
1801705271690 30 -0.2261962890625 5.72898626327515 0 8
1849017023630 30 -0.8746337890625 3.71568536758423 0 4
1852036922690 30 0.370849609375 6.594810962677 1000 4
1855056821750 30 0.250244140625 1.28727197647095 0 8
1858076720810 30 -0.2261962890625 5.72893762588501 0 8
1905388472750 30 0.698974609375 2.95234990119934 0 4
1908408371810 30 0.370849609375 6.5936074256897 1000 4
1911428270870 30 0.5302734375 1.13722038269043 0 8
1914448169930 30 -0.22705078125 5.72966384887695 0 8
1961759921870 30 0.69775390625 2.9524507522583 0 4
1964779820930 30 0.370849609375 6.593581199646 1000 4
1967799719990 30 0.5302734375 1.13722372055054 0 8
1970819619050 30 -0.22705078125 5.72965431213379 0 8
2018131370990 30 0.698974609375 2.95235705375671 0 4
2021151270050 30 0.370849609375 6.59360647201538 1000 4
2024171169110 30 0.5302734375 1.13722956180573 0 8
2027191068170 30 -0.22705078125 5.72969007492065 0 8
2074502820110 30 0.69775390625 2.95245552062988 0 4
2077522719170 30 0.370849609375 6.59356832504272 1000 4
2080542618230 30 0.5302734375 1.13723933696747 0 8
2083562517290 30 -0.22705078125 5.72968292236328 0 8
1567159761090 31 -0.74095845222473 4.13647651672363 0 4
1570179660150 31 0.37078249454498 6.59430408477783 1000 4
1573199559210 31 0.05448371171951 1.6721419095993 0 8
1576219458200 31 -0.16837394237518 6.17194032669067 0 8
1623531210120 31 -0.74075317382813 4.13667583465576 0 4
1626551109260 31 0.37069702148438 6.59431886672974 1000 4
1629571008320 31 0.05477905273438 1.67203652858734 0 8
1632590906840 31 -0.16830444335938 6.17184257507324 0 8
1679902659220 31 -0.74066162109375 4.13695430755615 0 4
1682922558350 31 0.370849609375 6.59437656402588 1000 4
1685942457410 31 0.05438232421875 1.67214035987854 0 8
1688962356470 31 -0.16839599609375 6.17193698883057 0 8
1736274108340 31 -0.7410888671875 4.13760423660278 0 4
1739294007470 31 0.370849609375 6.59480381011963 1000 4
1742313906530 31 0.053955078125 1.67208576202393 0 8
1745333805590 31 -0.1683349609375 6.17191600799561 0 8
1792645574510 31 -0.7410888671875 4.13755559921265 0 4
1795665473570 31 0.370849609375 6.59457540512085 1000 4
1798685372630 31 0.053955078125 1.67207670211792 0 8
1801705271690 31 -0.1683349609375 6.17195653915405 0 8
1849017023630 31 -0.7410888671875 4.13758277893066 0 4
1852036922690 31 0.370849609375 6.594810962677 1000 4
1855056821750 31 0.053955078125 1.6720871925354 0 8
1858076720810 31 -0.1683349609375 6.17190790176392 0 8
1905388472750 31 0.941162109375 3.32260060310364 0 4
1908408371810 31 0.370849609375 6.5936074256897 1000 4
1911428270870 31 0.24609375 1.41620063781738 0 8
1914448169930 31 -0.1689453125 6.17259979248047 0 8
1961759921870 31 0.93994140625 3.32275867462158 0 4
1964779820930 31 0.370849609375 6.593581199646 1000 4
1967799719990 31 0.24609375 1.41618013381958 0 8
1970819619050 31 -0.1689453125 6.1725902557373 0 8
2018131370990 31 0.941162109375 3.32260775566101 0 4
2021151270050 31 0.370849609375 6.59360647201538 1000 4
2024171169110 31 0.24609375 1.41620695590973 0 8
2027191068170 31 -0.1689453125 6.17262601852417 0 8
2074502820110 31 0.93994140625 3.32276344299316 0 4
2077522719170 31 0.370849609375 6.59356832504272 1000 4
2080542618230 31 0.24609375 1.41619861125946 0 8
2083562517290 31 -0.1689453125 6.1726188659668 0 8
1567159761090 32 -0.49872735142708 4.51839256286621 0 4
1570179660150 32 0.37078249454498 6.59430408477783 1000 4
1573199559210 32 -0.07623843103647 2.08686470985413 0 8
1576219458200 32 -0.1383570432663 6.61622476577759 0 8
1623531210120 32 -0.49850463867188 4.51860332489014 0 4
1626551109260 32 0.37069702148438 6.59431886672974 1000 4
1629571008320 32 -0.07601928710938 2.08673405647278 0 8
1632590906840 32 -0.13821411132813 6.61612510681152 0 8
1679902659220 32 -0.49847412109375 4.51889705657959 0 4
1682922558350 32 0.370849609375 6.59437656402588 1000 4
1685942457410 32 -0.0762939453125 2.08685231208801 0 8
1688962356470 32 -0.13818359375 6.61621761322021 0 8
1736274108340 32 -0.4991455078125 4.51957178115845 0 4
1739294007470 32 0.370849609375 6.59480381011963 1000 4
1742313906530 32 -0.076904296875 2.08679246902466 0 8
1745333805590 32 -0.1385498046875 6.61621379852295 0 8
1792645574510 32 -0.4991455078125 4.51952505111694 0 4
1795665473570 32 0.370849609375 6.59457540512085 1000 4
1798685372630 32 -0.076904296875 2.08678340911865 0 8
1801705271690 32 -0.1385498046875 6.6162543296814 0 8
1849017023630 32 -0.4991455078125 4.51955032348633 0 4
1852036922690 32 0.370849609375 6.594810962677 1000 4
1855056821750 32 -0.076904296875 2.08679294586182 0 8
1858076720810 32 -0.1385498046875 6.61620569229126 0 8
1905388472750 32 1.052734375 3.75362324714661 0 4
1908408371810 32 0.370849609375 6.5936074256897 1000 4
1911428270870 32 -0.054931640625 1.66894245147705 0 8
1914448169930 32 -0.13916015625 6.61687278747559 0 8
1961759921870 32 1.051513671875 3.75380802154541 0 4
1964779820930 32 0.370849609375 6.593581199646 1000 4
1967799719990 32 -0.054931640625 1.6688814163208 0 8
1970819619050 32 -0.13916015625 6.61686325073242 0 8
2018131370990 32 1.052734375 3.75363039970398 0 4
2021151270050 32 0.370849609375 6.59360647201538 1000 4
2024171169110 32 -0.054931640625 1.66894733905792 0 8
2027191068170 32 -0.13916015625 6.61689901351929 0 8
2074502820110 32 1.051513671875 3.75381278991699 0 4
2077522719170 32 0.370849609375 6.59356832504272 1000 4
2080542618230 32 -0.054931640625 1.668900847435 0 8
2083562517290 32 -0.13916015625 6.61689186096191 0 8
1567159761090 33 -0.21194556355476 4.8694896697998 0 4
1570179660150 33 0.37078249454498 6.59430408477783 1000 4
1573199559210 33 -0.28183841705322 2.49089455604553 0 8
1576219458200 33 0.03651699051261 7.03446817398071 1000 8
1623531210120 33 -0.21176147460938 4.86972332000732 0 4
1626551109260 33 0.37069702148438 6.59431886672974 1000 4
1629571008320 33 -0.28170776367188 2.49071431159973 0 8
1632590906840 33 0.03671264648438 7.03436088562012 1000 8
1679902659220 33 -0.21160888671875 4.87000942230225 0 4
1682922558350 33 0.370849609375 6.59437656402588 1000 4
1685942457410 33 -0.2818603515625 2.49087834358215 0 8
1688962356470 33 0.036865234375 7.03442287445068 1000 8
1736274108340 33 -0.2125244140625 4.87069177627563 0 4
1739294007470 33 0.370849609375 6.59480381011963 1000 4
1742313906530 33 -0.282470703125 2.49083757400513 0 8
1745333805590 33 0.0362548828125 7.03453350067139 1000 8
1792645574510 33 -0.2125244140625 4.87065267562866 0 4
1795665473570 33 0.370849609375 6.59457540512085 1000 4
1798685372630 33 -0.282470703125 2.49082851409912 0 8
1801705271690 33 0.0362548828125 7.03457403182983 1000 8
1849017023630 33 -0.2125244140625 4.87067031860352 0 4
1852036922690 33 0.370849609375 6.594810962677 1000 4
1855056821750 33 -0.282470703125 2.49083423614502 0 8
1858076720810 33 0.0362548828125 7.0345253944397 1000 8
1905388472750 33 1.0185546875 4.20569324493408 0 4
1908408371810 33 0.370849609375 6.5936074256897 1000 4
1911428270870 33 -0.306884765625 2.04590702056885 0 8
1914448169930 33 0.03564453125 7.03504753112793 1000 8
1961759921870 33 1.017333984375 4.20587062835693 0 4
1964779820930 33 0.370849609375 6.593581199646 1000 4
1967799719990 33 -0.306884765625 2.04581546783447 0 8
1970819619050 33 0.03564453125 7.03503799438477 1000 8
2018131370990 33 1.0185546875 4.20570039749146 0 4
2021151270050 33 0.370849609375 6.59360647201538 1000 4
2024171169110 33 -0.306884765625 2.04591178894043 0 8
2027191068170 33 0.03564453125 7.03507375717163 1000 8
2074502820110 33 1.017333984375 4.20587539672852 0 4
2077522719170 33 0.370849609375 6.59356832504272 1000 4
2080542618230 33 -0.306884765625 2.04583287239075 0 8
2083562517290 33 0.03564453125 7.03506660461426 1000 8
1567159761090 34 -0.10041189193726 5.30888938903809 0 4
1570179660150 34 0.37078249454498 6.59430408477783 1000 4
1573199559210 34 -0.29742527008057 2.94395852088928 0 8
1576219458200 34 0.03651699051261 7.03446817398071 1000 8
1623531210120 34 -0.10031127929688 5.30913066864014 0 4
1626551109260 34 0.37069702148438 6.59431886672974 1000 4
1629571008320 34 -0.29745483398438 2.94377446174622 0 8
1632590906840 34 0.03671264648438 7.03436088562012 1000 8
1679902659220 34 -0.10003662109375 5.30941677093506 0 4
1682922558350 34 0.370849609375 6.59437656402588 1000 4
1685942457410 34 -0.2974853515625 2.9439423084259 0 8
1688962356470 34 0.036865234375 7.03442287445068 1000 8
1736274108340 34 -0.1011962890625 5.31009912490845 0 4
1739294007470 34 0.370849609375 6.59480381011963 1000 4
1742313906530 34 -0.298095703125 2.94390535354614 0 8
1745333805590 34 0.0362548828125 7.03453350067139 1000 8
1792645574510 34 -0.1011962890625 5.31006002426147 0 4
1795665473570 34 0.370849609375 6.59457540512085 1000 4
1798685372630 34 -0.298095703125 2.94389629364014 0 8
1801705271690 34 0.0362548828125 7.03457403182983 1000 8
1849017023630 34 -0.1011962890625 5.31007766723633 0 4
1852036922690 34 0.370849609375 6.594810962677 1000 4
1855056821750 34 -0.298095703125 2.94390201568604 0 8
1858076720810 34 0.0362548828125 7.0345253944397 1000 8
1905388472750 34 0.796875 4.60111713409424 0 4
1908408371810 34 0.370849609375 6.5936074256897 1000 4
1911428270870 34 -0.376220703125 2.49397373199463 0 8
1914448169930 34 0.03564453125 7.03504753112793 1000 8
1961759921870 34 0.795654296875 4.60124111175537 0 4
1964779820930 34 0.370849609375 6.593581199646 1000 4
1967799719990 34 -0.376220703125 2.49387454986572 0 8
1970819619050 34 0.03564453125 7.03503799438477 1000 8
2018131370990 34 0.796875 4.60111665725708 0 4
2021151270050 34 0.370849609375 6.59360647201538 1000 4
2024171169110 34 -0.376220703125 2.49397850036621 0 8
2027191068170 34 0.03564453125 7.03507375717163 1000 8
2074502820110 34 0.795654296875 4.60124588012695 0 4
2077522719170 34 0.370849609375 6.59356832504272 1000 4
2080542618230 34 -0.376220703125 2.49388813972473 0 8
2083562517290 34 0.03564453125 7.03506660461426 1000 8
1567159761090 35 -0.01149946823716 5.75321578979492 0 4
1570179660150 35 0.37078249454498 6.59430408477783 1000 4
1573199559210 35 -0.33122360706329 3.39590668678284 0 8
1576219458200 35 0.03651699051261 7.03446817398071 1000 8
1623531210120 35 -0.011474609375 5.7534646987915 0 4
1626551109260 35 0.37069702148438 6.59431886672974 1000 4
1629571008320 35 -0.33132934570313 3.39572167396545 0 8
1632590906840 35 0.03671264648438 7.03436088562012 1000 8
1679902659220 35 -0.01116943359375 5.75375652313232 0 4
1682922558350 35 0.370849609375 6.59437656402588 1000 4
1685942457410 35 -0.33123779296875 3.39589047431946 0 8
1688962356470 35 0.036865234375 7.03442287445068 1000 8
1736274108340 35 -0.01220703125 5.75441598892212 0 4
1739294007470 35 0.370849609375 6.59480381011963 1000 4
1742313906530 35 -0.3316650390625 3.39586591720581 0 8
1745333805590 35 0.0362548828125 7.03453350067139 1000 8
1792645574510 35 -0.01220703125 5.75437688827515 0 4
1795665473570 35 0.370849609375 6.59457540512085 1000 4
1798685372630 35 -0.3316650390625 3.3958568572998 0 8
1801705271690 35 0.0362548828125 7.03457403182983 1000 8
1849017023630 35 -0.01220703125 5.75439453125 0 4
1852036922690 35 0.370849609375 6.594810962677 1000 4
1855056821750 35 -0.3316650390625 3.3958625793457 0 8
1858076720810 35 0.0362548828125 7.0345253944397 1000 8
1905388472750 35 0.622802734375 5.01869678497314 0 4
1908408371810 35 0.370849609375 6.5936074256897 1000 4
1911428270870 35 -0.451416015625 2.94099617004395 0 8
1914448169930 35 0.03564453125 7.03504753112793 1000 8
1961759921870 35 0.622314453125 5.01890468597412 0 4
1964779820930 35 0.370849609375 6.593581199646 1000 4
1967799719990 35 -0.451416015625 2.94089508056641 0 8
1970819619050 35 0.03564453125 7.03503799438477 1000 8
2018131370990 35 0.622802734375 5.01869440078735 0 4
2021151270050 35 0.370849609375 6.59360647201538 1000 4
2024171169110 35 -0.451416015625 2.94100093841553 0 8
2027191068170 35 0.03564453125 7.03507375717163 1000 8
2074502820110 35 0.622314453125 5.0189094543457 0 4
2077522719170 35 0.370849609375 6.59356832504272 1000 4
2080542618230 35 -0.451416015625 2.9409077167511 0 8
2083562517290 35 0.03564453125 7.03506660461426 1000 8
1567159761090 36 0.11671417951584 6.18528366088867 0 4
1570179660150 36 0.37078249454498 6.59430408477783 1000 4
1573199559210 36 -0.27380239963531 3.8347532749176 0 8
1576219458200 36 0.03651699051261 7.03446817398071 1000 8
1623531210120 36 0.11669921875 6.18554401397705 0 4
1626551109260 36 0.37069702148438 6.59431886672974 1000 4
1629571008320 36 -0.27395629882813 3.83457207679749 0 8
1632590906840 36 0.03671264648438 7.03436088562012 1000 8
1679902659220 36 0.11700439453125 6.18585109710693 0 4
1682922558350 36 0.370849609375 6.59437656402588 1000 4
1685942457410 36 -0.27374267578125 3.83473706245422 0 8
1688962356470 36 0.036865234375 7.03442287445068 1000 8
1736274108340 36 0.1162109375 6.18644571304321 0 4
1739294007470 36 0.370849609375 6.59480381011963 1000 4
1742313906530 36 -0.2740478515625 3.83469152450562 0 8
1745333805590 36 0.0362548828125 7.03453350067139 1000 8
1792645574510 36 0.1162109375 6.18640661239624 0 4
1795665473570 36 0.370849609375 6.59457540512085 1000 4
1798685372630 36 -0.2740478515625 3.83468246459961 0 8
1801705271690 36 0.0362548828125 7.03457403182983 1000 8
1849017023630 36 0.1162109375 6.18642425537109 0 4
1852036922690 36 0.370849609375 6.594810962677 1000 4
1855056821750 36 -0.2740478515625 3.83468818664551 0 8
1858076720810 36 0.0362548828125 7.0345253944397 1000 8
1905388472750 36 0.561767578125 5.45710849761963 0 4
1908408371810 36 0.370849609375 6.5936074256897 1000 4
1911428270870 36 -0.430908203125 3.38310623168945 0 8
1914448169930 36 0.03564453125 7.03504753112793 1000 8
1961759921870 36 0.562255859375 5.45736598968506 0 4
1964779820930 36 0.370849609375 6.593581199646 1000 4
1967799719990 36 -0.430908203125 3.38300132751465 0 8
1970819619050 36 0.03564453125 7.03503799438477 1000 8
2018131370990 36 0.561767578125 5.45710611343384 0 4
2021151270050 36 0.370849609375 6.59360647201538 1000 4
2024171169110 36 -0.430908203125 3.38311100006104 0 8
2027191068170 36 0.03564453125 7.03507375717163 1000 8
2074502820110 36 0.562255859375 5.45737075805664 0 4
2077522719170 36 0.370849609375 6.59356832504272 1000 4
2080542618230 36 -0.430908203125 3.38301396369934 0 8
2083562517290 36 0.03564453125 7.03506660461426 1000 8
1567159761090 37 0.24348747730255 6.61215209960938 0 4
1570179660150 37 0.37078249454498 6.59430408477783 1000 4
1573199559210 37 -0.16773611307144 4.26723480224609 0 8
1576219458200 37 0.03651699051261 7.03446817398071 1000 8
1623531210120 37 0.24346923828125 6.61242389678955 0 4
1626551109260 37 0.37069702148438 6.59431886672974 1000 4
1629571008320 37 -0.16793823242188 4.26705932617188 0 8
1632590906840 37 0.03671264648438 7.03436088562012 1000 8
1679902659220 37 0.2437744140625 6.61274814605713 0 4
1682922558350 37 0.370849609375 6.59437656402588 1000 4
1685942457410 37 -0.1676025390625 4.26721858978271 0 8
1688962356470 37 0.036865234375 7.03442287445068 1000 8
1736274108340 37 0.2431640625 6.61327028274536 0 4
1739294007470 37 0.370849609375 6.59480381011963 1000 4
1742313906530 37 -0.1678466796875 4.26713275909424 0 8
1745333805590 37 0.0362548828125 7.03453350067139 1000 8
1792645574510 37 0.2431640625 6.61323118209839 0 4
1795665473570 37 0.370849609375 6.59457540512085 1000 4
1798685372630 37 -0.1678466796875 4.26712369918823 0 8
1801705271690 37 0.0362548828125 7.03457403182983 1000 8
1849017023630 37 0.2431640625 6.61324882507324 0 4
1852036922690 37 0.370849609375 6.594810962677 1000 4
1855056821750 37 -0.1678466796875 4.26712942123413 0 8
1858076720810 37 0.0362548828125 7.0345253944397 1000 8
1905388472750 37 0.574462890625 5.90842151641846 0 4
1908408371810 37 0.370849609375 6.5936074256897 1000 4
1911428270870 37 -0.335205078125 3.82437896728516 0 8
1914448169930 37 0.03564453125 7.03504753112793 1000 8
1961759921870 37 0.57568359375 5.90865993499756 0 4
1964779820930 37 0.370849609375 6.593581199646 1000 4
1967799719990 37 -0.335205078125 3.82426929473877 0 8
1970819619050 37 0.03564453125 7.03503799438477 1000 8
2018131370990 37 0.574462890625 5.90841913223267 0 4
2021151270050 37 0.370849609375 6.59360647201538 1000 4
2024171169110 37 -0.335205078125 3.82438373565674 0 8
2027191068170 37 0.03564453125 7.03507375717163 1000 8
2074502820110 37 0.57568359375 5.90866470336914 0 4
2077522719170 37 0.370849609375 6.59356832504272 1000 4
2080542618230 37 -0.335205078125 3.82428193092346 0 8
2083562517290 37 0.03564453125 7.03506660461426 1000 8
1567159761090 38 0.22541487216949 7.06512451171875 1000 4
1570179660150 38 0.37078249454498 6.59430408477783 1000 4
1573199559210 38 -0.20760470628738 4.71881103515625 0 8
1576219458200 38 0.03651699051261 7.03446817398071 1000 8
1623531210120 38 0.22540283203125 7.06539630889893 1000 4
1626551109260 38 0.37069702148438 6.59431886672974 1000 4
1629571008320 38 -0.20785522460938 4.71863555908203 0 8
1632590906840 38 0.03671264648438 7.03436088562012 1000 8
1679902659220 38 0.2257080078125 7.0657205581665 1000 4
1682922558350 38 0.370849609375 6.59437656402588 1000 4
1685942457410 38 -0.2073974609375 4.71879482269287 0 8
1688962356470 38 0.036865234375 7.03442287445068 1000 8
1736274108340 38 0.22509765625 7.06625032424927 1000 4
1739294007470 38 0.370849609375 6.59480381011963 1000 4
1742313906530 38 -0.2073974609375 4.71872425079346 0 8
1745333805590 38 0.0362548828125 7.03453350067139 1000 8
1792645574510 38 0.22509765625 7.06621122360229 1000 4
1795665473570 38 0.370849609375 6.59457540512085 1000 4
1798685372630 38 -0.2073974609375 4.71871519088745 0 8
1801705271690 38 0.0362548828125 7.03457403182983 1000 8
1849017023630 38 0.22509765625 7.06622886657715 1000 4
1852036922690 38 0.370849609375 6.594810962677 1000 4
1855056821750 38 -0.2073974609375 4.71872091293335 0 8
1858076720810 38 0.0362548828125 7.0345253944397 1000 8
1905388472750 38 0.516845703125 6.35809803009033 0 4
1908408371810 38 0.370849609375 6.5936074256897 1000 4
1911428270870 38 -0.306884765625 4.27683258056641 0 8
1914448169930 38 0.03564453125 7.03504753112793 1000 8
1961759921870 38 0.51806640625 6.3583517074585 0 4
1964779820930 38 0.370849609375 6.593581199646 1000 4
1967799719990 38 -0.306884765625 4.27672910690308 0 8
1970819619050 38 0.03564453125 7.03503799438477 1000 8
2018131370990 38 0.516845703125 6.35809564590454 0 4
2021151270050 38 0.370849609375 6.59360647201538 1000 4
2024171169110 38 -0.306884765625 4.27683734893799 0 8
2027191068170 38 0.03564453125 7.03507375717163 1000 8
2074502820110 38 0.51806640625 6.35835647583008 0 4
2077522719170 38 0.370849609375 6.59356832504272 1000 4
2080542618230 38 -0.306884765625 4.27674150466919 0 8
2083562517290 38 0.03564453125 7.03506660461426 1000 8
1567159761090 39 0.48854225873947 7.12272500991821 1000 4
1570179660150 39 0.37288764119148 6.58748531341553 1000 4
1573199559210 39 -0.33634263277054 5.15348052978516 0 8
1576219458200 39 -0.22946178913116 6.99130249023438 1000 8
1623531210120 39 0.49015045166016 7.11654090881348 1000 4
1626551109260 39 0.37273406982422 6.5876841545105 1000 4
1629571008320 39 -0.33651733398438 5.15331268310547 0 8
1632590906840 39 -0.22929382324219 6.99060773849487 1000 8
1679902659220 39 0.48870849609375 7.12370300292969 1000 4
1682922558350 39 0.37284851074219 6.58791780471802 1000 4
1685942457410 39 -0.3360595703125 5.15345668792725 0 8
1688962356470 39 -0.22892761230469 6.99037265777588 1000 8
1736274108340 39 0.48956298828125 7.11769580841064 1000 4
1739294007470 39 0.37277221679688 6.58857488632202 1000 4
1742313906530 39 -0.3363037109375 5.15340137481689 0 8
1745333805590 39 -0.2293701171875 6.98992252349854 1000 8
1792645574510 39 0.48959350585938 7.1174168586731 1000 4
1795665473570 39 0.37271118164063 6.58849716186523 1000 4
1798685372630 39 -0.3363037109375 5.15339994430542 0 8
1801705271690 39 -0.22940063476563 6.99006509780884 1000 8
1849017023630 39 0.48797607421875 7.12444877624512 1000 4
1852036922690 39 0.37277221679688 6.58855962753296 1000 4
1855056821750 39 -0.3363037109375 5.15340566635132 0 8
1858076720810 39 -0.2293701171875 6.98992729187012 1000 8
1905388472750 39 0.542236328125 6.81071949005127 0 4
1908408371810 39 0.370849609375 6.5936074256897 1000 4
1911428270870 39 -0.395751953125 4.72132873535156 0 8
1914448169930 39 0.03564453125 7.03504753112793 1000 8
1961759921870 39 0.54345703125 6.81098079681396 0 4
1964779820930 39 0.370849609375 6.593581199646 1000 4
1967799719990 39 -0.395751953125 4.7212176322937 0 8
1970819619050 39 0.03564453125 7.03503799438477 1000 8
2018131370990 39 0.542236328125 6.81071710586548 0 4
2021151270050 39 0.370849609375 6.59360647201538 1000 4
2024171169110 39 -0.395751953125 4.72133350372314 0 8
2027191068170 39 0.03564453125 7.03507375717163 1000 8
2074502820110 39 0.54345703125 6.81098556518555 0 4
2077522719170 39 0.370849609375 6.59356832504272 1000 4
2080542618230 39 -0.395751953125 4.72123003005981 0 8
2083562517290 39 0.03564453125 7.03506660461426 1000 8
1567159761090 40 0.48854225873947 7.12272500991821 1000 4
1570179660150 40 0.37288764119148 6.58748531341553 1000 4
1573199559210 40 -0.31825965642929 5.59840965270996 0 8
1576219458200 40 -0.22946178913116 6.99130249023438 1000 8
1623531210120 40 0.49015045166016 7.11654090881348 1000 4
1626551109260 40 0.37273406982422 6.5876841545105 1000 4
1629571008320 40 -0.31842041015625 5.59824371337891 0 8
1632590906840 40 -0.22929382324219 6.99060773849487 1000 8
1679902659220 40 0.48870849609375 7.12370300292969 1000 4
1682922558350 40 0.37284851074219 6.58791780471802 1000 4
1685942457410 40 -0.31805419921875 5.59838962554932 0 8
1688962356470 40 -0.22892761230469 6.99037265777588 1000 8
1736274108340 40 0.48956298828125 7.11769580841064 1000 4
1739294007470 40 0.37277221679688 6.58857488632202 1000 4
1742313906530 40 -0.318359375 5.59833240509033 0 8
1745333805590 40 -0.2293701171875 6.98992252349854 1000 8
1792645574510 40 0.48959350585938 7.1174168586731 1000 4
1795665473570 40 0.37271118164063 6.58849716186523 1000 4
1798685372630 40 -0.318359375 5.59833288192749 0 8
1801705271690 40 -0.22940063476563 6.99006509780884 1000 8
1849017023630 40 0.48797607421875 7.12444877624512 1000 4
1852036922690 40 0.37277221679688 6.58855962753296 1000 4
1855056821750 40 -0.318359375 5.59833860397339 0 8
1858076720810 40 -0.2293701171875 6.98992729187012 1000 8
1905388472750 40 0.60052490234375 7.02035760879517 1000 4
1908408371810 40 0.31890869140625 6.49711418151855 1000 4
1911428270870 40 -0.619384765625 5.10636138916016 0 8
1914448169930 40 0.03564453125 7.03504753112793 1000 8
1961759921870 40 0.60162353515625 7.01985788345337 1000 4
1964779820930 40 0.31903076171875 6.49785089492798 1000 4
1967799719990 40 -0.619384765625 5.10622549057007 0 8
1970819619050 40 0.03564453125 7.03503799438477 1000 8
2018131370990 40 0.60052490234375 7.02036619186401 1000 4
2021151270050 40 0.31890869140625 6.49711418151855 1000 4
2024171169110 40 -0.619384765625 5.10636615753174 0 8
2027191068170 40 0.03564453125 7.03507375717163 1000 8
2074502820110 40 0.60162353515625 7.019859790802 1000 4
2077522719170 40 0.31903076171875 6.49786138534546 1000 4
2080542618230 40 -0.619384765625 5.10623788833618 0 8
2083562517290 40 0.03564453125 7.03506660461426 1000 8
1567159761090 41 0.48854225873947 7.12272500991821 1000 4
1570179660150 41 0.37288764119148 6.58748531341553 1000 4
1573199559210 41 -0.1823311150074 6.02479362487793 0 8
1576219458200 41 -0.22946178913116 6.99130249023438 1000 8
1623531210120 41 0.49015045166016 7.11654090881348 1000 4
1626551109260 41 0.37273406982422 6.5876841545105 1000 4
1629571008320 41 -0.1824951171875 6.02461624145508 0 8
1632590906840 41 -0.22929382324219 6.99060773849487 1000 8
1679902659220 41 0.48870849609375 7.12370300292969 1000 4
1682922558350 41 0.37284851074219 6.58791780471802 1000 4
1685942457410 41 -0.18218994140625 6.02478504180908 0 8
1688962356470 41 -0.22892761230469 6.99037265777588 1000 8
1736274108340 41 0.48956298828125 7.11769580841064 1000 4
1739294007470 41 0.37277221679688 6.58857488632202 1000 4
1742313906530 41 -0.182373046875 6.0247049331665 0 8
1745333805590 41 -0.2293701171875 6.98992252349854 1000 8
1792645574510 41 0.48959350585938 7.1174168586731 1000 4
1795665473570 41 0.37271118164063 6.58849716186523 1000 4
1798685372630 41 -0.182373046875 6.02470541000366 0 8
1801705271690 41 -0.22940063476563 6.99006509780884 1000 8
1849017023630 41 0.48797607421875 7.12444877624512 1000 4
1852036922690 41 0.37277221679688 6.58855962753296 1000 4
1855056821750 41 -0.182373046875 6.02471113204956 0 8
1858076720810 41 -0.2293701171875 6.98992729187012 1000 8
1905388472750 41 0.60052490234375 7.02035760879517 1000 4
1908408371810 41 0.31890869140625 6.49711418151855 1000 4
1911428270870 41 -0.798095703125 5.51121520996094 0 8
1914448169930 41 0.03564453125 7.03504753112793 1000 8
1961759921870 41 0.60162353515625 7.01985788345337 1000 4
1964779820930 41 0.31903076171875 6.49785089492798 1000 4
1967799719990 41 -0.798095703125 5.51106023788452 0 8
1970819619050 41 0.03564453125 7.03503799438477 1000 8
2018131370990 41 0.60052490234375 7.02036619186401 1000 4
2021151270050 41 0.31890869140625 6.49711418151855 1000 4
2024171169110 41 -0.798095703125 5.51121997833252 0 8
2027191068170 41 0.03564453125 7.03507375717163 1000 8
2074502820110 41 0.60162353515625 7.019859790802 1000 4
2077522719170 41 0.31903076171875 6.49786138534546 1000 4
2080542618230 41 -0.798095703125 5.51107263565063 0 8
2083562517290 41 0.03564453125 7.03506660461426 1000 8
1567159761090 42 0.48854225873947 7.12272500991821 1000 4
1570179660150 42 0.37288764119148 6.58748531341553 1000 4
1573199559210 42 -0.02502382174134 6.44138145446777 0 8
1576219458200 42 -0.22946178913116 6.99130249023438 1000 8
1623531210120 42 0.49015045166016 7.11654090881348 1000 4
1626551109260 42 0.37273406982422 6.5876841545105 1000 4
1629571008320 42 -0.02517700195313 6.44118690490723 0 8
1632590906840 42 -0.22929382324219 6.99060773849487 1000 8
1679902659220 42 0.48870849609375 7.12370300292969 1000 4
1682922558350 42 0.37284851074219 6.58791780471802 1000 4
1685942457410 42 -0.02490234375 6.44138431549072 0 8
1688962356470 42 -0.22892761230469 6.99037265777588 1000 8
1736274108340 42 0.48956298828125 7.11769580841064 1000 4
1739294007470 42 0.37277221679688 6.58857488632202 1000 4
1742313906530 42 -0.02490234375 6.44127559661865 0 8
1745333805590 42 -0.2293701171875 6.98992252349854 1000 8
1792645574510 42 0.48959350585938 7.1174168586731 1000 4
1795665473570 42 0.37271118164063 6.58849716186523 1000 4
1798685372630 42 -0.02490234375 6.44127607345581 0 8
1801705271690 42 -0.22940063476563 6.99006509780884 1000 8
1849017023630 42 0.48797607421875 7.12444877624512 1000 4
1852036922690 42 0.37277221679688 6.58855962753296 1000 4
1855056821750 42 -0.02490234375 6.44128179550171 0 8
1858076720810 42 -0.2293701171875 6.98992729187012 1000 8
1905388472750 42 0.60052490234375 7.02035760879517 1000 4
1908408371810 42 0.31890869140625 6.49711418151855 1000 4
1911428270870 42 -0.837890625 5.95471000671387 0 8
1914448169930 42 0.03564453125 7.03504753112793 1000 8
1961759921870 42 0.60162353515625 7.01985788345337 1000 4
1964779820930 42 0.31903076171875 6.49785089492798 1000 4
1967799719990 42 -0.837890625 5.95455312728882 0 8
1970819619050 42 0.03564453125 7.03503799438477 1000 8
2018131370990 42 0.60052490234375 7.02036619186401 1000 4
2021151270050 42 0.31890869140625 6.49711418151855 1000 4
2024171169110 42 -0.837890625 5.95471477508545 0 8
2027191068170 42 0.03564453125 7.03507375717163 1000 8
2074502820110 42 0.60162353515625 7.019859790802 1000 4
2077522719170 42 0.31903076171875 6.49786138534546 1000 4
2080542618230 42 -0.837890625 5.95456552505493 0 8
2083562517290 42 0.03564453125 7.03506660461426 1000 8
