# framerate: 30 fps
# id frame x/m y/m z/m
367421043950 0 -1.09363543987274 6.32028961181641 0 4
370440943010 0 -1.18743646144867 8.24151611328125 0 4
373460842070 0 -2.56665825843811 6.80326652526855 0 4
376480741130 0 -2.5819456577301 8.7398567199707 0 4
379500640190 0 -8.45807647705078 -7.74313735961914 0 8
382520539250 0 -7.03298759460449 -7.29573249816895 0 8
367421043950 1 -1.13676774501801 5.61954879760742 0 4
370440943010 1 -0.84868180751801 7.22907638549805 0 4
373460842070 1 -2.43858933448792 6.02289390563965 0 4
376480741130 1 -2.00785279273987 7.87411451339722 0 4
379500640190 1 -8.28490829467773 -6.74164581298828 0 8
382520539250 1 -7.10002136230469 -6.49048805236816 0 8
367421043950 2 -1.17990005016327 4.91880798339844 0 4
370440943010 2 -0.81186878681183 6.1389217376709 0 4
373460842070 2 -2.3505175113678 5.24966430664063 0 4
376480741130 2 -1.89360272884369 6.84587240219116 0 4
379500640190 2 -8.11174011230469 -5.74015426635742 0 8
382520539250 2 -7.1530647277832 -5.68117141723633 0 8
367421043950 3 -1.22303235530853 4.21806716918945 0 4
370440943010 3 -0.64797508716583 5.0577507019043 0 4
373460842070 3 -2.31741523742676 4.46180534362793 0 4
376480741130 3 -2.10516953468323 5.85017919540405 0 4
379500640190 3 -7.87708330154419 -4.73941612243652 0 8
382520539250 3 -7.13669967651367 -4.86303329467773 0 8
367421043950 4 -1.2661646604538 3.51732349395752 0 4
370440943010 4 -0.26196885108948 4.0623722076416 0 4
373460842070 4 -2.3280725479126 3.66476798057556 0 4
376480741130 4 -2.20796132087708 4.81399297714233 0 4
379500640190 4 -7.58702325820923 -3.76534271240234 0 8
382520539250 4 -6.74886894226074 -4.14907455444336 0 8
367421043950 5 -1.30929696559906 2.81658267974854 0 4
370440943010 5 -0.42227733135223 2.99087142944336 0 4
373460842070 5 -2.35795593261719 2.87398600578308 0 4
376480741130 5 -2.03529381752014 3.81082105636597 0 4
379500640190 5 -7.17226076126099 -2.81571674346924 0 8
382520539250 5 -6.38218116760254 -3.42904734611511 0 8
367421043950 6 -1.35242927074432 2.11584186553955 0 4
370440943010 6 -0.65577137470245 1.92848777770996 0 4
373460842070 6 -2.31141185760498 2.09714674949646 0 4
376480741130 6 -1.9268718957901 2.79868173599243 0 4
379500640190 6 -6.34064722061157 -2.22491550445557 0 8
382520539250 6 -6.01549339294434 -2.70901846885681 0 8
367421043950 7 -1.47834050655365 1.41168761253357 0 4
370440943010 7 -0.85413920879364 0.85425984859467 0 4
373460842070 7 -2.33742809295654 1.31934857368469 0 4
376480741130 7 -2.05986523628235 1.77061128616333 0 4
379500640190 7 -5.41573190689087 -1.76573514938354 0.0008268727106 8
382520539250 7 -5.22820663452148 -2.52709555625916 0 8
367421043950 8 -1.68071734905243 0.7394226193428 0 4
370440943010 8 -1.19505596160889 -0.15745452046394 0 4
373460842070 8 -2.49057388305664 0.55633282661438 0 4
376480741130 8 -2.08864498138428 1.20722615718842 0 4
379500640190 8 -4.38475275039673 -1.72909259796143 0.0008268727106 8
382520539250 8 -4.40333557128906 -2.59455847740173 0 8
367421043950 9 -1.64966571331024 0.03015476465225 0 4
370440943010 9 -1.535973072052 -1.16916942596436 0 4
373460842070 9 -2.64371967315674 -0.2066828161478 0 4
376480741130 9 -2.32477951049805 0.2170647084713 0 4
379500640190 9 -3.35521221160889 -1.86942338943481 0.0008268727106 8
382520539250 9 -3.63265228271484 -2.83734965324402 0 8
367421043950 10 -1.36227118968964 -0.61039400100708 0 4
370440943010 10 -1.67055320739746 -2.25423622131348 0 4
373460842070 10 -2.7757511138916 -0.97831743955612 0 4
376480741130 10 -2.33103561401367 -0.34730067849159 0 4
379500640190 10 -2.32947826385498 -1.93645238876343 0.0008268727106 8
382520539250 10 -2.85674285888672 -3.0628936290741 0 8
367421043950 11 -1.01740825176239 -1.23432588577271 0 4
370440943010 11 -1.6960746049881 -3.31557250022888 0.0008268727106 4
373460842070 11 -3.20040798187256 -1.63047575950623 0 4
376480741130 11 -1.83221626281738 -1.23663485050201 0 4
379500640190 11 -1.30041694641113 -1.84413909912109 0.0008268727106 8
382520539250 11 -2.21304106712341 -3.32439303398132 0.0008268727106 8
367421043950 12 -0.62448853254318 -1.38411247730255 0.00094042421551 4
370440943010 12 -1.69090807437897 -4.38316774368286 0.0008268727106 4
373460842070 12 -3.30511665344238 -2.40163350105286 0 4
376480741130 12 -1.32056760787964 -2.11663246154785 0 4
379500640190 12 -0.27632105350494 -1.83383619785309 0.00093403126812 8
382520539250 12 -1.9277548789978 -2.87670016288757 0.00093403126812 8
367421043950 13 -0.08117707818747 -1.52610504627228 0.00094042421551 4
370440943010 13 -1.79063141345978 -5.44611406326294 0.0008268727106 4
373460842070 13 -3.45150566101074 -3.18497681617737 0 4
376480741130 13 -1.42076778411865 -3.12962055206299 0 4
379500640190 13 0.67139196395874 -1.41331827640533 0.00093403126812 8
382520539250 13 -1.72832489013672 -2.07633376121521 0.00093403126812 8
367421043950 14 0.1281366199255 -1.74203360080719 0.00094042421551 4
370440943010 14 -1.89035475254059 -6.50906038284302 0.0008268727106 4
373460842070 14 -3.40368843078613 -3.98024582862854 0 4
376480741130 14 -1.56982946395874 -4.14769792556763 0 4
379500640190 14 1.43164908885956 -0.73879987001419 0.00093403126812 8
382520539250 14 -1.13954305648804 -1.52294516563416 0.00093403126812 8
367421043950 15 0.05332703888416 -2.39317870140076 0.00094042421551 4
370440943010 15 -1.9900780916214 -7.5720067024231 0.0008268727106 4
373460842070 15 -3.18029499053955 -4.73272323608398 0 4
376480741130 15 -1.49515199661255 -5.16288423538208 0 4
379500640190 15 2.46783065795898 -0.76223284006119 0.00093403126812 8
382520539250 15 -0.46407639980316 -1.07949614524841 0.00093403126812 8
367421043950 16 -0.39948487281799 -2.94955706596375 0.00094042421551 4
370440943010 16 -1.96036636829376 -8.65995788574219 0.0008268727106 4
373460842070 16 -2.96265697479248 -5.4839038848877 0 4
376480741130 16 -1.42047452926636 -6.17807054519653 0 4
379500640190 16 3.50689220428467 -0.80624371767044 0.00093403126812 8
382520539250 16 0.3194667994976 -0.83478927612305 0.00093403126812 8
367421043950 17 -0.7992570400238 -3.52668738365173 0.00094042421551 4
370440943010 17 -1.96939527988434 -9.20664215087891 1000 4
373460842070 17 -2.83254718780518 -6.26462936401367 0 4
376480741130 17 -1.42089414596558 -7.20986986160278 0 4
379500640190 17 4.53334665298462 -0.92824131250381 0.00093403126812 8
382520539250 17 1.10185289382935 -0.6677234172821 0.00093403126812 8
367421043950 18 -1.16207051277161 -4.12774229049683 0.00094042421551 4
370440943010 18 -1.96939527988434 -9.20664215087891 1000 4
373460842070 18 -2.68169498443604 -7.03015327453613 0 4
376480741130 18 -1.49639654159546 -8.22499370574951 0 4
379500640190 18 5.54951524734497 -0.94752818346024 0.00093403126812 8
382520539250 18 1.92340278625488 -0.59931993484497 0.00093403126812 8
367421043950 19 -1.4160315990448 -4.79550504684448 0.00094042421551 4
370440943010 19 -1.96939527988434 -9.20664215087891 1000 4
373460842070 19 -2.49625301361084 -7.79129981994629 0 4
376480741130 19 -1.63128900527954 -9.25881481170654 1000 4
379500640190 19 6.56568384170532 -0.96681505441666 0.00093403126812 8
382520539250 19 2.74524593353271 -0.55125713348389 0.00093403126812 8
367421043950 20 -1.57910513877869 -5.49088621139526 0.00094042421551 4
370440943010 20 -2.10603404045105 -9.18555736541748 1000 4
373460842070 20 -2.28762722015381 -8.54105377197266 0 4
376480741130 20 -1.49465036392212 -9.27989864349365 1000 4
379500640190 20 7.58185243606567 -0.98610192537308 0.00093403126812 8
382520539250 20 3.5635986328125 -0.59694051742554 0.00093403126812 8
367421043950 21 -1.66914868354797 -6.1871542930603 0.00094042421551 4
370440943010 21 -2.01466274261475 -9.35103034973145 1000 4
373460842070 21 -2.33458161354065 -8.77166080474854 1000 4
376480741130 21 -1.49465036392212 -9.27989864349365 1000 4
379500640190 21 8.59801959991455 -1.00538885593414 0.00093403126812 8
382520539250 21 4.36951589584351 -0.65518140792847 0.00093403126812 8
367421043950 22 -1.75919222831726 -6.88342237472534 0.00094042421551 4
370440943010 22 -2.01466274261475 -9.35103034973145 1000 4
373460842070 22 -2.33458161354065 -8.77166080474854 1000 4
376480741130 22 -1.49465036392212 -9.27989864349365 1000 4
379500640190 22 9.10823535919189 -0.90239328145981 1000 8
382520539250 22 5.1769061088562 -0.68705797195435 0.00093403126812 8
367421043950 23 -1.84923577308655 -7.57969045639038 0.00094042421551 4
370440943010 23 -2.01466274261475 -9.35103034973145 1000 4
373460842070 23 -2.33458161354065 -8.77166080474854 1000 4
376480741130 23 -1.49465036392212 -9.27989864349365 1000 4
379500640190 23 9.10823535919189 -0.90239328145981 1000 8
382520539250 23 5.9842963218689 -0.71893453598022 0.00093403126812 8
367421043950 24 -1.8641345500946 -8.29426860809326 0.00094042421551 4
370440943010 24 -2.01466274261475 -9.35103034973145 1000 4
373460842070 24 -2.33458161354065 -8.77166080474854 1000 4
376480741130 24 -1.49465036392212 -9.27989864349365 1000 4
379500640190 24 9.10823535919189 -0.90239328145981 1000 8
382520539250 24 6.79168653488159 -0.7508111000061 0.00093403126812 8
367421043950 25 -1.80021929740906 -9.0098295211792 1000 4
370440943010 25 -2.01466274261475 -9.35103034973145 1000 4
373460842070 25 -2.33458161354065 -8.77166080474854 1000 4
376480741130 25 -1.49465036392212 -9.27989864349365 1000 4
379500640190 25 9.10823535919189 -0.90239328145981 1000 8
382520539250 25 7.59907674789429 -0.78268766403198 0.00093403126812 8
367421043950 26 -1.81010234355927 -8.89933300018311 1000 4
370440943010 26 -2.0600323677063 -9.4232177734375 1000 4
373460842070 26 -2.33458161354065 -8.77166080474854 1000 4
376480741130 26 -1.43390691280365 -9.33358478546143 1000 4
379500640190 26 9.10823535919189 -0.90239328145981 1000 8
382520539250 26 8.40647602081299 -0.81456422805786 0.00093403126812 8
