# framerate: 30 fps
# id frame x/m y/m z/m
366246639020 0 0.01943945139647 -4.93487930297852 0 8
369266538080 0 -0.03128059208393 8.89521026611328 0 4
372286437140 0 -0.02856074459851 6.90432357788086 0 4
375306336200 0 -0.02758258953691 4.90760040283203 0 4
378326235260 0 0.0321508385241 -8.89229583740234 0 8
381346134320 0 0.03185209259391 -6.8932991027832 0 8
366246639020 1 0.03887891024351 -4.86975860595703 0 8
369266538080 1 -0.0625611692667 8.79042053222656 0 4
372286437140 1 -0.05712150037289 6.80864715576172 0 4
375306336200 1 -0.05516517534852 4.81520080566406 0 4
378326235260 1 0.06430167704821 -8.78459167480469 0 8
381346134320 1 0.06370418518782 -6.78659820556641 0 8
366246639020 2 0.03869576007128 -4.76996421813965 0 8
369266538080 2 -0.06226645410061 8.62983703613281 0 4
372286437140 2 -0.05685242265463 6.66202735900879 0 4
375306336200 2 -0.05490530282259 4.67360305786133 0 4
378326235260 2 0.06681526452303 -8.61916351318359 0 8
381346134320 2 0.06340407580137 -6.62308311462402 0 8
366246639020 3 0.01889000087976 -4.63549613952637 0 8
369266538080 3 -0.03039644658566 8.41345977783203 0 4
372286437140 3 -0.02775352448225 6.46446418762207 0 4
375306336200 3 -0.02680296823382 4.48280715942383 0 4
378326235260 3 0.03969157487154 -8.39601135253906 0 8
381346134320 3 0.03095179051161 -6.40275382995605 0 8
366246639020 4 -0.00091575225815 -4.50102806091309 0 8
369266538080 4 0.00147355627269 8.19708251953125 0 4
372286437140 4 0.00134537508711 6.26690101623535 0 4
375306336200 4 0.00129935517907 4.29201126098633 0 4
378326235260 4 0.01256789639592 -8.17285919189453 0 8
381346134320 4 -0.00150049338117 -6.18242454528809 0 8
366246639020 5 0.03796315193176 -4.37078666687012 0 8
369266538080 5 -0.02170089632273 8.0902099609375 0 4
372286437140 5 -0.01974702626467 6.1693058013916 0 4
375306336200 5 -0.0538658387959 4.10721206665039 0 4
378326235260 5 0.04743131622672 -8.06600189208984 0 8
381346134320 5 0.03035159781575 -6.07572364807129 0 8
366246639020 6 0.07684206962585 -4.24054527282715 0 8
369266538080 6 -0.04487535357475 7.98333740234375 0 4
372286437140 6 -0.04083943367004 6.07171058654785 0 4
375306336200 6 -0.10903101414442 3.92241382598877 0 4
378326235260 6 0.08229473233223 -7.95914649963379 0 8
381346134320 6 0.06220369413495 -5.96902275085449 0 8
366246639020 7 0.08637866377831 -4.10819053649902 0 8
369266538080 7 -0.07577197998762 7.82226371765137 0 4
372286437140 7 -0.06065504252911 5.92349624633789 0 4
375306336200 7 -0.12256246060133 3.73461627960205 0 4
378326235260 7 0.08616459369659 -7.79414176940918 0 8
381346134320 7 0.07040183991194 -5.86320495605469 0 8
366246639020 8 0.06657293438911 -3.97372245788574 0 8
369266538080 8 -0.11439078301191 7.60698890686035 0 4
372286437140 8 -0.07919381558895 5.72466278076172 0 4
375306336200 8 -0.09446012228727 3.54381847381592 0 4
378326235260 8 0.0590409040451 -7.57098579406738 0 8
381346134320 8 0.05494604259729 -5.75827026367188 0 8
366246639020 9 0.04676717892289 -3.83925437927246 0 8
369266538080 9 -0.15300957858562 7.39171409606934 0 4
372286437140 9 -0.0977325886488 5.52582931518555 0 4
375306336200 9 -0.06635778397322 3.35302066802979 0 4
378326235260 9 0.03191721439362 -7.34782981872559 0 8
381346134320 9 0.03949023038149 -5.65333557128906 0 8
366246639020 10 0.08564609289169 -3.70901298522949 0 8
369266538080 10 -0.17803947627544 7.17444038391113 0 4
372286437140 10 -0.09786759316921 5.42598342895508 0 4
375306336200 10 -0.12152295559645 3.16822338104248 0 4
378326235260 10 0.06678062677383 -7.24097633361816 0 8
381346134320 10 0.03949023038149 -5.65333557128906 0 8
366246639020 11 0.12452501058578 -3.57877159118652 0 8
369266538080 11 -0.20306937396526 6.95716667175293 0 4
372286437140 11 -0.09800259768963 5.32613754272461 0 4
375306336200 11 -0.17668813467026 2.98342609405518 0 4
378326235260 11 0.10164403915405 -7.13412284851074 0 8
381346134320 11 0.03949023038149 -5.65333557128906 0 8
366246639020 12 0.13406157493591 -3.4464168548584 0 8
369266538080 12 -0.19943384826183 6.7403736114502 0 4
372286437140 12 -0.13089774549007 5.18191719055176 0 4
375306336200 12 -0.19021958112717 2.79562854766846 0 4
378326235260 12 0.10551390051842 -6.96911811828613 0 8
381346134320 12 0.03137715905905 -5.59825325012207 0 8
366246639020 13 0.11425582319498 -3.31194877624512 0 8
369266538080 13 -0.16713289916515 6.52406120300293 0 4
372286437140 13 -0.1965529769659 4.99332237243652 0 4
375306336200 13 -0.16211730241776 2.60483074188232 0 4
378326235260 13 0.07839021086693 -6.74596214294434 0 8
381346134320 13 0.01515101641417 -5.48808860778809 0 8
366246639020 14 0.09445009380579 -3.17748069763184 0 8
369266538080 14 -0.13483195006847 6.30774879455566 0 4
372286437140 14 -0.2622082233429 4.80472755432129 0 4
375306336200 14 -0.13401502370834 2.41403293609619 0 4
378326235260 14 0.05126652121544 -6.52280616760254 0 8
381346134320 14 -0.00107512553222 -5.3779239654541 0 8
366246639020 15 0.1333290040493 -3.04723930358887 0 8
369266538080 15 -0.19133441150188 6.11708641052246 0 4
372286437140 15 -0.24200892448425 4.60605812072754 0 4
375306336200 15 -0.18918019533157 2.22923564910889 0 4
378326235260 15 0.08612993359566 -6.41595268249512 0 8
381346134320 15 0.04763421043754 -5.21475410461426 0 8
366246639020 16 0.17220792174339 -2.9169979095459 0 8
369266538080 16 -0.2478368729353 5.92642402648926 0 4
372286437140 16 -0.22180962562561 4.40738868713379 0 4
375306336200 16 -0.2443453669548 2.04443836212158 0 4
378326235260 16 0.12099334597588 -6.3090991973877 0 8
381346134320 16 0.09634354710579 -5.05158424377441 0 8
366246639020 17 0.18174448609352 -2.78464317321777 0 8
369266538080 17 -0.26581755280495 5.7623119354248 0 4
372286437140 17 -0.2445375919342 4.2137565612793 0 4
375306336200 17 -0.25787681341171 1.85664045810699 0 4
378326235260 17 0.12962850928307 -6.18330001831055 0 8
381346134320 17 0.10447207093239 -4.85983467102051 0 8
366246639020 18 0.16193869709969 -2.65017509460449 0 8
369266538080 18 -0.24527636170387 5.6247501373291 0 4
372286437140 18 -0.31019282341003 4.02516174316406 0 4
375306336200 18 -0.22977450489998 1.66584265232086 0 4
378326235260 18 0.11203536391258 -6.03855514526367 0 8
381346134320 18 0.07201978564262 -4.63950538635254 0 8
366246639020 19 0.14213290810585 -2.51570701599121 0 8
369266538080 19 -0.2247351706028 5.4871883392334 0 4
372286437140 19 -0.37584805488586 3.83656859397888 0 4
375306336200 19 -0.20167222619057 1.47504484653473 0 4
378326235260 19 0.0944422185421 -5.8938102722168 0 8
381346134320 19 0.03956750035286 -4.41917610168457 0 8
366246639020 20 0.12712624669075 -2.38390922546387 0 8
369266538080 20 -0.28325763344765 5.28970909118652 0 4
372286437140 20 -0.35564875602722 3.6378972530365 0 4
375306336200 20 -0.18519452214241 1.28289377689362 0 4
378326235260 20 0.10258212685585 -5.86140441894531 0 8
381346134320 20 0.10327169299126 -4.20577430725098 0 8
366246639020 21 0.11211963742971 -2.25211143493652 0 8
369266538080 21 -0.3417800962925 5.09222984313965 0 4
372286437140 21 -0.33544945716858 3.43922591209412 0 4
375306336200 21 -0.16871681809425 1.0907427072525 0 4
378326235260 21 0.1107220351696 -5.82899856567383 0 8
381346134320 21 0.16697584092617 -3.9923722743988 0 8
366246639020 22 0.10044642537832 -2.15413761138916 0 8
369266538080 22 -0.36089065670967 4.92551231384277 0 4
372286437140 22 -0.30326306819916 3.2951180934906 0 4
375306336200 22 -0.16780409216881 0.89851772785187 0 4
378326235260 22 0.10355788469315 -5.75445175170898 0 8
381346134320 22 0.18260179460049 -3.77550482749939 0 8
366246639020 23 0.09210660308599 -2.08998775482178 0 8
369266538080 23 -0.34058931469917 4.7895565032959 0 4
372286437140 23 -0.25908958911896 3.20557379722595 0 4
375306336200 23 -0.18245634436607 0.70621883869171 0 4
378326235260 23 0.08108967542648 -5.63776397705078 0 8
381346134320 23 0.15014956891537 -3.55517363548279 0 8
366246639020 24 0.08376678079367 -2.02583789825439 0 8
369266538080 24 -0.32028797268867 4.65360069274902 0 4
372286437140 24 -0.21491611003876 3.1160295009613 0 4
375306336200 24 -0.19710859656334 0.51391994953156 0 4
378326235260 24 0.05862146615982 -5.52107620239258 0 8
381346134320 24 0.11769732832909 -3.33484244346619 0 8
366246639020 25 0.12386002391577 -1.89939296245575 0 8
369266538080 25 -0.30800393223763 4.62832069396973 0 4
372286437140 25 -0.21053290367126 2.91638159751892 0 4
375306336200 25 -0.21440204977989 0.32184088230133 0 4
378326235260 25 0.1022332906723 -5.34746170043945 0 8
381346134320 25 0.14954943954945 -3.22814154624939 0 8
366246639020 26 0.1639532148838 -1.77294814586639 0 8
369266538080 26 -0.29571989178658 4.60304069519043 0 4
372286437140 26 -0.20614969730377 2.71673369407654 0 4
375306336200 26 -0.23169550299644 0.12976172566414 0 4
378326235260 26 0.14584508538246 -5.17384719848633 0 8
381346134320 26 0.18140156567097 -3.12144064903259 0 8
366246639020 27 0.2042700946331 -1.65006387233734 0 8
369266538080 27 -0.28847852349281 4.52167892456055 0 4
372286437140 27 -0.21512770652771 2.51768851280212 0 4
375306336200 27 -0.26410588622093 -0.05973187834024 0 4
378326235260 27 0.14639887213707 -4.97666931152344 0 8
381346134320 27 0.19014318287373 -3.01931262016296 0 8
366246639020 28 0.24481067061424 -1.53074014186859 0 8
369266538080 28 -0.28627982735634 4.38423538208008 0 4
372286437140 28 -0.23746693134308 2.31924605369568 0 4
375306336200 28 -0.31163319945335 -0.24663998186588 0 4
378326235260 28 0.10389468073845 -4.75592803955078 0 8
381346134320 28 0.17577429115772 -2.9217574596405 0 8
366246639020 29 0.28535133600235 -1.41141641139984 0 8
369266538080 29 -0.28408113121986 4.24679183959961 0 4
372286437140 29 -0.2598060965538 2.12080359458923 0 4
375306336200 29 -0.35916051268578 -0.43354800343513 0 4
378326235260 29 0.06139048933983 -4.53518676757813 0 8
381346134320 29 0.16140539944172 -2.82420229911804 0 8
366246639020 30 0.29083949327469 -1.3482917547226 0 8
369266538080 30 -0.31213679909706 4.02988815307617 0 4
372286437140 30 -0.32970136404037 1.93374001979828 0 4
375306336200 30 -0.38740476965904 -0.52574688196182 0 4
378326235260 30 0.11615827679634 -4.31716156005859 0 8
381346134320 30 0.16140539944172 -2.82420229911804 0 8
366246639020 31 0.29632765054703 -1.28516709804535 0 8
369266538080 31 -0.34019246697426 3.81298279762268 0 4
372286437140 31 -0.39959663152695 1.74667584896088 0 4
375306336200 31 -0.41564902663231 -0.61794573068619 0 4
378326235260 31 0.17092610895634 -4.09913635253906 0 8
381346134320 31 0.16140539944172 -2.82420229911804 0 8
366246639020 32 0.30930000543594 -1.18874537944794 0 8
369266538080 32 -0.36457720398903 3.60836625099182 0 4
372286437140 32 -0.42668932676315 1.55360543727875 0 4
375306336200 32 -0.41640418767929 -0.75954228639603 0 4
378326235260 32 0.17705793678761 -3.87975239753723 0 8
381346134320 32 0.15690435469151 -2.79364275932312 0 8
366246639020 33 0.32975655794144 -1.05902659893036 0 8
369266538080 33 -0.38529101014137 3.41603875160217 0 4
372286437140 33 -0.41097944974899 1.35452878475189 0 4
375306336200 33 -0.38967031240463 -0.95053654909134 0 4
378326235260 33 0.13455374538898 -3.65900921821594 0 8
381346134320 33 0.14790226519108 -2.73252367973328 0 8
366246639020 34 0.35021311044693 -0.92930752038956 0 8
369266538080 34 -0.40600481629372 3.22371125221252 0 4
372286437140 34 -0.39526957273483 1.15545213222504 0 4
375306336200 34 -0.36293643712997 -1.14153075218201 0 4
378326235260 34 0.09204955399036 -3.43826603889465 0 8
381346134320 34 0.13890017569065 -2.67140460014343 0 8
366246639020 35 0.33519250154495 -0.83539873361588 0 8
369266538080 35 -0.37883439660072 3.14413857460022 0 4
372286437140 35 -0.35915511846542 1.06236493587494 0 4
375306336200 35 -0.41275376081467 -1.30415225028992 0 4
378326235260 35 0.11943347752094 -3.32925343513489 0 8
381346134320 35 0.13890017569065 -2.67140460014343 0 8
366246639020 36 0.32017189264297 -0.74148994684219 0 8
369266538080 36 -0.35166397690773 3.06456589698792 0 4
372286437140 36 -0.32304066419601 0.96927756071091 0 4
375306336200 36 -0.46257108449936 -1.46677374839783 0 4
378326235260 36 0.14681740105152 -3.22024083137512 0 8
381346134320 36 0.13890017569065 -2.67140460014343 0 8
366246639020 37 0.30844110250473 -0.68163734674454 0 8
369266538080 37 -0.34504809975624 2.96006989479065 0 4
372286437140 37 -0.30498343706131 0.92273372411728 0 4
375306336200 37 -0.47411280870438 -1.64358162879944 0 4
378326235260 37 0.16105775535107 -3.17919945716858 0.0008268727106 8
381346134320 37 0.13890017569065 -2.67140460014343 0 8
366246639020 38 0.30000013113022 -0.65584093332291 0 8
369266538080 38 -0.35898676514626 2.83065056800842 0 4
372286437140 38 -0.30498343706131 0.92273372411728 0 4
375306336200 38 -0.44737893342972 -1.83457589149475 0 4
378326235260 38 0.16105775535107 -3.17919945716858 0.0008268727106 8
381346134320 38 0.13890017569065 -2.67140460014343 0 8
366246639020 39 0.29155915975571 -0.63004451990128 0 8
369266538080 39 -0.37292543053627 2.7012312412262 0 4
372286437140 39 -0.30498343706131 0.92273372411728 0 4
375306336200 39 -0.42064505815506 -2.02557015419006 0 4
378326235260 39 0.16105775535107 -3.17919945716858 0.0008268727106 8
381346134320 39 0.13890017569065 -2.67140460014343 0 8
366246639020 40 0.30270427465439 -0.53769451379776 0 8
369266538080 40 -0.48425140976906 2.51297211647034 0 4
372286437140 40 -0.30498343706131 0.92273372411728 0 4
375306336200 40 -0.47713333368301 -2.20996880531311 0 4
378326235260 40 0.16105775535107 -3.17919945716858 0.0008268727106 8
381346134320 40 0.13890017569065 -2.67140460014343 0 8
366246639020 41 0.31384938955307 -0.44534465670586 0 8
369266538080 41 -0.5955775976181 2.32471299171448 0 4
372286437140 41 -0.30498343706131 0.92273372411728 0 4
375306336200 41 -0.53362172842026 -2.39436745643616 0 4
378326235260 41 0.16105775535107 -3.17919945716858 0.0008268727106 8
381346134320 41 0.13890017569065 -2.67140460014343 0 8
366246639020 42 0.35227233171463 -0.3396769464016 0 8
369266538080 42 -0.66033971309662 2.13774514198303 0 4
372286437140 42 -0.30498343706131 0.92273372411728 0 4
375306336200 42 -0.5484990477562 -2.58206391334534 0 4
378326235260 42 0.16105775535107 -3.17919945716858 0.0008268727106 8
381346134320 42 0.13957436382771 -2.65478777885437 0 8
366246639020 43 0.41797310113907 -0.22069129347801 0 8
369266538080 43 -0.67853772640228 1.952068567276 0 4
372286437140 43 -0.30498343706131 0.92273372411728 0 4
375306336200 43 -0.52176517248154 -2.77305817604065 0 4
378326235260 43 0.16105775535107 -3.17919945716858 0.0008268727106 8
381346134320 43 0.14092274010181 -2.62155413627625 0 8
366246639020 44 0.48367387056351 -0.10170564055443 0 8
369266538080 44 -0.69673573970795 1.76639199256897 0 4
372286437140 44 -0.30498343706131 0.92273372411728 0 4
375306336200 44 -0.49503123760223 -2.96405243873596 0 4
378326235260 44 0.16105775535107 -3.17919945716858 0.0008268727106 8
381346134320 44 0.14227111637592 -2.58832049369812 0 8
366246639020 45 0.49293333292007 0.03389828652143 0 8
369266538080 45 -0.69747006893158 1.54768109321594 0 4
372286437140 45 -0.30498343706131 0.92273372411728 0 4
375306336200 45 -0.48752510547638 -3.15676331520081 0 4
378326235260 45 0.16105775535107 -3.17919945716858 0.0008268727106 8
381346134320 45 0.14227111637592 -2.58832049369812 0 8
366246639020 46 0.50219285488129 0.16950219869614 0 8
369266538080 46 -0.69820439815521 1.32897019386292 0 4
372286437140 46 -0.30498343706131 0.92273372411728 0 4
375306336200 46 -0.48001897335052 -3.34947419166565 0 4
378326235260 46 0.16105775535107 -3.17919945716858 0.0008268727106 8
381346134320 46 0.14227111637592 -2.58832049369812 0 8
366246639020 47 0.53014266490936 0.30113762617111 0 8
369266538080 47 -0.75501203536987 1.1535519361496 0.00093403126812 4
372286437140 47 -0.30498343706131 0.92273372411728 0 4
375306336200 47 -0.44708895683289 -3.53773736953735 0 4
378326235260 47 0.16307173669338 -3.13517880439758 0.0008268727106 8
381346134320 47 0.14227111637592 -2.58832049369812 0 8
366246639020 48 0.57678258419037 0.42880457639694 0 8
369266538080 48 -0.85196113586426 1.007683634758 0.00093403126812 4
372286437140 48 -0.30498343706131 0.92273372411728 0 4
375306336200 48 -0.38873505592346 -3.72155237197876 0 4
378326235260 48 0.1650857180357 -3.09115815162659 0.0008268727106 8
381346134320 48 0.14227111637592 -2.58832049369812 0 8
366246639020 49 0.62342250347137 0.55647152662277 0 8
369266538080 49 -0.94891023635864 0.86181533336639 0.00093403126812 4
372286437140 49 -0.30498343706131 0.92273372411728 0 4
375306336200 49 -0.33038115501404 -3.90536737442017 0 4
378326235260 49 0.1650857180357 -3.09115815162659 0.0008268727106 8
381346134320 49 0.14227111637592 -2.58832049369812 0 8
366246639020 50 0.61173808574677 0.69188803434372 0 8
369266538080 50 -0.92052316665649 0.64495313167572 0.00093403126812 4
372286437140 50 -0.29225641489029 0.82370036840439 0 4
375306336200 50 -0.35517859458923 -4.09662199020386 0 4
378326235260 50 0.1650857180357 -3.09115815162659 0.0008268727106 8
381346134320 50 0.14227111637592 -2.58832049369812 0 8
366246639020 51 0.60005366802216 0.82730454206467 0 8
369266538080 51 -0.89213609695435 0.42809092998505 0.00093403126812 4
372286437140 51 -0.27952939271927 0.7246670126915 0 4
375306336200 51 -0.37997603416443 -4.28787565231323 0 4
378326235260 51 0.1650857180357 -3.09115815162659 0.0008268727106 8
381346134320 51 0.14227111637592 -2.58832049369812 0 8
366246639020 52 0.61753141880035 0.95884627103806 0 8
369266538080 52 -0.85515761375427 0.21270370483398 0.00093403126812 4
372286437140 52 -0.29286605119705 0.61333531141281 0 4
375306336200 52 -0.36319780349731 -4.47540998458862 0 4
378326235260 52 0.18106059730053 -3.09036946296692 0.00093403126812 8
381346134320 52 0.14227111637592 -2.58832049369812 0 8
366246639020 53 0.66417133808136 1.08651351928711 0 8
369266538080 53 -0.80958771705627 -0.00120854377747 0.00093403126812 4
372286437140 53 -0.33226639032364 0.48970526456833 0 4
375306336200 53 -0.30484390258789 -4.65922498703003 0 4
378326235260 53 0.21301035583019 -3.08879208564758 0.00093403126812 8
381346134320 53 0.14227111637592 -2.58832049369812 0 8
366246639020 54 0.71081125736237 1.2141809463501 0 8
369266538080 54 -0.76401782035828 -0.21512079238892 0.00093403126812 4
372286437140 54 -0.37166672945023 0.36607521772385 0 4
375306336200 54 -0.24649000167847 -4.84303998947144 0 4
378326235260 54 0.24496011435986 -3.08721470832825 0.00093403126812 8
381346134320 54 0.14227111637592 -2.58832049369812 0 8
366246639020 55 0.69912683963776 1.3495979309082 0 8
369266538080 55 -0.6627094745636 -0.40895506739616 0.00093403126812 4
372286437140 55 -0.36785441637039 0.33641022443771 0 4
375306336200 55 -0.27128744125366 -5.03429365158081 0 4
378326235260 55 0.33683302998543 -3.06678700447083 0.00094042421551 8
381346134320 55 0.14227111637592 -2.58832049369812 0 8
366246639020 56 0.68744242191315 1.48501491546631 0 8
369266538080 56 -0.56140112876892 -0.60278934240341 0.00093403126812 4
372286437140 56 -0.36404210329056 0.30674523115158 0 4
375306336200 56 -0.29608488082886 -5.22554731369019 0 4
378326235260 56 0.42870596051216 -3.0463593006134 0.00094042421551 8
381346134320 56 0.14227111637592 -2.58832049369812 0 8
366246639020 57 0.64769065380096 1.6116189956665 0 8
369266538080 57 -0.50827240943909 -0.75432842969894 0.00093403126812 4
372286437140 57 -0.36213594675064 0.29191273450851 0 4
375306336200 57 -0.27930665016174 -5.41308164596558 0 4
378326235260 57 0.51084876060486 -2.9295482635498 0.00094042421551 8
381346134320 57 0.14227111637592 -2.58832049369812 0 8
366246639020 58 0.57987153530121 1.72941017150879 0 8
369266538080 58 -0.5033233165741 -0.86357229948044 0.00093403126812 4
372286437140 58 -0.36213594675064 0.29191273450851 0 4
375306336200 58 -0.22095274925232 -5.59689664840698 0 4
378326235260 58 0.63241839408875 -2.81715965270996 0.00094042421551 8
381346134320 58 0.14227111637592 -2.58832049369812 0 8
366246639020 59 0.51205241680145 1.84720134735107 0 8
369266538080 59 -0.49837413430214 -0.97281616926193 0.00093403126812 4
372286437140 59 -0.36213594675064 0.29191273450851 0 4
375306336200 59 -0.1625988483429 -5.78071165084839 0 4
378326235260 59 0.75398802757263 -2.70477104187012 0.00094042421551 8
381346134320 59 0.14227111637592 -2.58832049369812 0 8
366246639020 60 0.50036799907684 1.98261833190918 0 8
369266538080 60 -0.49605360627174 -0.99168413877487 0.00093403126812 4
372286437140 60 -0.36213594675064 0.29191273450851 0 4
375306336200 60 -0.18739628791809 -5.97196531295776 0 4
378326235260 60 0.80912947654724 -2.5168342590332 0.00094042421551 8
381346134320 60 0.14227111637592 -2.58832049369812 0 8
366246639020 61 0.48868381977081 2.11803460121155 0 8
369266538080 61 -0.49373307824135 -1.01055240631104 0.00093403126812 4
372286437140 61 -0.36213594675064 0.29191273450851 0 4
375306336200 61 -0.21219372749329 -6.16321897506714 0 4
378326235260 61 0.86427092552185 -2.32889747619629 0.00094042421551 8
381346134320 61 0.14227111637592 -2.58832049369812 0 8
366246639020 62 0.46146929264069 2.25025391578674 0 8
369266538080 62 -0.50169885158539 -1.04809236526489 0.00093403126812 4
372286437140 62 -0.36213594675064 0.29191273450851 0 4
375306336200 62 -0.19541549682617 -6.35075330734253 0 4
378326235260 62 0.87494087219238 -2.12380886077881 0.00094042421551 8
381346134320 62 0.14227111637592 -2.58832049369812 0 8
366246639020 63 0.41872441768646 2.37927651405334 0 8
369266538080 63 -0.51995074748993 -1.10430383682251 0.00093403126812 4
372286437140 63 -0.36213594675064 0.29191273450851 0 4
375306336200 63 -0.13706159591675 -6.53456830978394 0 4
378326235260 63 0.84113931655884 -1.9015679359436 0.00094042421551 8
381346134320 63 0.14227111637592 -2.58832049369812 0 8
366246639020 64 0.37597954273224 2.50829911231995 0 8
369266538080 64 -0.53820264339447 -1.16051530838013 0.00093403126812 4
372286437140 64 -0.36213594675064 0.29191273450851 0 4
375306336200 64 -0.07870774716139 -6.71838331222534 0 4
378326235260 64 0.80733776092529 -1.67932653427124 0.00094042421551 8
381346134320 64 0.14227111637592 -2.58832049369812 0 8
366246639020 65 0.39176714420319 2.64329934120178 0 8
369266538080 65 -0.51863944530487 -1.31958818435669 0.00093403126812 4
372286437140 65 -0.36213594675064 0.29191273450851 0 4
375306336200 65 -0.10350518673658 -6.90963697433472 0 4
378326235260 65 0.77148056030273 -1.49690294265747 0.00094042421551 8
381346134320 65 0.14227111637592 -2.58832049369812 0 8
366246639020 66 0.40755474567413 2.77829957008362 0 8
369266538080 66 -0.49907624721527 -1.47866106033325 0.00093403126812 4
372286437140 66 -0.36213594675064 0.29191273450851 0 4
375306336200 66 -0.1283026188612 -7.10089063644409 0 4
378326235260 66 0.73562335968018 -1.3144793510437 0.00094042421551 8
381346134320 66 0.14227111637592 -2.58832049369812 0 8
366246639020 67 0.3940761089325 2.91031098365784 0 8
369266538080 67 -0.5230672955513 -1.66220808029175 0.00093403126812 4
372286437140 67 -0.36213594675064 0.29191273450851 0 4
375306336200 67 -0.1407013386488 -7.19651746749878 1000 4
378326235260 67 0.74465751647949 -1.11415100097656 0.00094042421551 8
381346134320 67 0.14227111637592 -2.58832049369812 0 8
366246639020 68 0.35133123397827 3.03933358192444 0 8
369266538080 68 -0.59061270952225 -1.87022924423218 0.00093403126812 4
372286437140 68 -0.36213594675064 0.29191273450851 0 4
375306336200 68 -0.1407013386488 -7.19651746749878 1000 4
378326235260 68 0.79858303070068 -0.89591765403748 0.00094042421551 8
381346134320 68 0.14227111637592 -2.58832049369812 0 8
366246639020 69 0.30858635902405 3.16835618019104 0 8
369266538080 69 -0.65815812349319 -2.07825040817261 0.00093403126812 4
372286437140 69 -0.36213594675064 0.29191273450851 0 4
375306336200 69 -0.1407013386488 -7.19651746749878 1000 4
378326235260 69 0.85250854492188 -0.67768406867981 0.00094042421551 8
381346134320 69 0.14227111637592 -2.58832049369812 0 8
366246639020 70 0.324373960495 3.30335640907288 0 8
369266538080 70 -0.63146144151688 -2.29532766342163 0.00093403126812 4
372286437140 70 -0.36302596330643 0.28639024496078 0 4
375306336200 70 -0.1407013386488 -7.19651746749878 1000 4
378326235260 70 0.80915212631226 -0.45710772275925 0.00094042421551 8
381346134320 70 0.14227111637592 -2.58832049369812 0 8
366246639020 71 0.34016156196594 3.43835663795471 0 8
369266538080 71 -0.60476475954056 -2.51240491867065 0.00093403126812 4
372286437140 71 -0.36391597986221 0.28086775541306 0 4
375306336200 71 -0.1407013386488 -7.19651746749878 1000 4
378326235260 71 0.76579570770264 -0.23653121292591 0.00094042421551 8
381346134320 71 0.14227111637592 -2.58832049369812 0 8
366246639020 72 0.3266829252243 3.57036805152893 0 8
369266538080 72 -0.57425457239151 -2.72894430160522 0.00093403126812 4
372286437140 72 -0.36436098814011 0.27810651063919 0 4
375306336200 72 -0.1407013386488 -7.19651746749878 1000 4
378326235260 72 0.68465495109558 -0.03086148388684 0.00094042421551 8
381346134320 72 0.14227111637592 -2.58832049369812 0 8
366246639020 73 0.28393805027008 3.69939064979553 0 8
369266538080 73 -0.53993088006973 -2.94494581222534 0.00093403126812 4
372286437140 73 -0.36436098814011 0.27810651063919 0 4
375306336200 73 -0.1407013386488 -7.19651746749878 1000 4
378326235260 73 0.56572985649109 0.15990155935287 0.00094042421551 8
381346134320 73 0.14227111637592 -2.58832049369812 0 8
366246639020 74 0.24119317531586 3.82841324806213 0 8
369266538080 74 -0.50560718774796 -3.16094732284546 0.00093403126812 4
372286437140 74 -0.36436098814011 0.27810651063919 0 4
375306336200 74 -0.1407013386488 -7.19651746749878 1000 4
378326235260 74 0.4468047618866 0.35066455602646 0.00094042421551 8
381346134320 74 0.14227111637592 -2.58832049369812 0 8
366246639020 75 0.2569807767868 3.96341347694397 0 8
369266538080 75 -0.43826562166214 -3.3690333366394 0.00093403126812 4
372286437140 75 -0.36436098814011 0.27810651063919 0 4
375306336200 75 -0.1407013386488 -7.19651746749878 1000 4
378326235260 75 0.41964197158813 0.57381463050842 0.00094042421551 8
381346134320 75 0.14221234619617 -2.57677721977234 0 8
366246639020 76 0.27276837825775 4.09841251373291 0 8
369266538080 76 -0.37092405557632 -3.57711935043335 0.00093403126812 4
372286437140 76 -0.36436098814011 0.27810651063919 0 4
375306336200 76 -0.1407013386488 -7.19651746749878 1000 4
378326235260 76 0.39247918128967 0.79696488380432 0.00094042421551 8
381346134320 76 0.14215357601643 -2.56523394584656 0 8
366246639020 77 0.25928974151611 4.23042392730713 0 8
369266538080 77 -0.35070782899857 -3.7896876335144 0.00093403126812 4
372286437140 77 -0.35801309347153 0.23594108223915 0 4
375306336200 77 -0.1407013386488 -7.19651746749878 1000 4
378326235260 77 0.35167932510376 1.01759314537048 0.00094042421551 8
381346134320 77 0.14846409857273 -2.52334761619568 0 8
366246639020 78 0.21654486656189 4.35944843292236 0 8
369266538080 78 -0.37761694192886 -4.00673818588257 0.00093403126812 4
372286437140 78 -0.34531730413437 0.15161016583443 0 4
375306336200 78 -0.1407013386488 -7.19651746749878 1000 4
378326235260 78 0.2972424030304 1.23569941520691 0.00094042421551 8
381346134320 78 0.16114391386509 -2.4511182308197 0 8
366246639020 79 0.17379999160767 4.4884729385376 0 8
369266538080 79 -0.40452605485916 -4.22379064559937 0.00093403126812 4
372286437140 79 -0.33262151479721 0.0672792494297 0 4
375306336200 79 -0.1407013386488 -7.19651746749878 1000 4
378326235260 79 0.24280551075935 1.45380568504334 0.00094042421551 8
381346134320 79 0.17382372915745 -2.37888884544373 0 8
366246639020 80 0.18958759307861 4.6234712600708 0 8
369266538080 80 -0.33718448877335 -4.43187856674194 0.00093403126812 4
372286437140 80 -0.34765857458115 0.01244297064841 0 4
375306336200 80 -0.1407013386488 -7.19651746749878 1000 4
378326235260 80 0.28564459085464 1.67448306083679 0.00094042421551 8
381346134320 80 0.23130716383457 -2.20337462425232 0 8
366246639020 81 0.20537519454956 4.758469581604 0 8
369266538080 81 -0.26984292268753 -4.63996648788452 0.00093403126812 4
372286437140 81 -0.36269563436508 -0.04239331930876 0 4
375306336200 81 -0.1407013386488 -7.19651746749878 1000 4
378326235260 81 0.32848364114761 1.89516043663025 0.00094042421551 8
381346134320 81 0.28879061341286 -2.02786040306091 0 8
366246639020 82 0.19189655780792 4.89048099517822 0 8
369266538080 82 -0.24962669610977 -4.85253667831421 0.00093403126812 4
372286437140 82 -0.37021416425705 -0.06981145590544 0 4
375306336200 82 -0.1407013386488 -7.19651746749878 1000 4
378326235260 82 0.32683104276657 2.11550450325012 0.00094042421551 8
381346134320 82 0.30422082543373 -1.82954728603363 0 8
366246639020 83 0.1491516828537 5.01950550079346 0 8
369266538080 83 -0.27653580904007 -5.06958913803101 0.00093403126812 4
372286437140 83 -0.37021416425705 -0.06981145590544 0 4
375306336200 83 -0.1407013386488 -7.19651746749878 1000 4
378326235260 83 0.28068679571152 2.33551526069641 0.00094042421551 8
381346134320 83 0.27759781479836 -1.60843598842621 0 8
366246639020 84 0.10640680789948 5.14853000640869 0 8
369266538080 84 -0.30344492197037 -5.2866415977478 0.00093403126812 4
372286437140 84 -0.37021416425705 -0.06981145590544 0 4
375306336200 84 -0.1407013386488 -7.19651746749878 1000 4
378326235260 84 0.23454254865646 2.5555260181427 0.00094042421551 8
381346134320 84 0.25097480416298 -1.38732469081879 0 8
366246639020 85 0.12219440937042 5.28352832794189 0 8
369266538080 85 -0.23610335588455 -5.49472951889038 0.00093403126812 4
372286437140 85 -0.37021416425705 -0.06981145590544 0 4
375306336200 85 -0.1407013386488 -7.19651746749878 1000 4
378326235260 85 0.28570193052292 2.77442479133606 0.00094042421551 8
381346134320 85 0.28563323616982 -1.28150117397308 0 8
366246639020 86 0.13798201084137 5.4185266494751 0 8
369266538080 86 -0.16876178979874 -5.70281744003296 0.00093403126812 4
372286437140 86 -0.37021416425705 -0.06981145590544 0 4
375306336200 86 -0.1407013386488 -7.19651746749878 1000 4
378326235260 86 0.33686131238937 2.99332356452942 0.00094042421551 8
381346134320 86 0.32029166817665 -1.17567765712738 0 8
366246639020 87 0.12450337409973 5.55053806304932 0 8
369266538080 87 -0.14854556322098 -5.91538763046265 0.00093403126812 4
372286437140 87 -0.36183220148087 -0.11902659386396 0 4
375306336200 87 -0.1407013386488 -7.19651746749878 1000 4
378326235260 87 0.34768551588058 3.21419835090637 0.00094042421551 8
381346134320 87 0.32430937886238 -1.01221024990082 0 8
366246639020 88 0.08175849914551 5.67956256866455 0 8
369266538080 88 -0.17545467615128 -6.13244009017944 0.00093403126812 4
372286437140 88 -0.3450682759285 -0.2174568772316 0 4
375306336200 88 -0.1407013386488 -7.19651746749878 1000 4
378326235260 88 0.31817454099655 3.43704915046692 0.00094042421551 8
381346134320 88 0.29768636822701 -0.7910989522934 0 8
366246639020 89 0.03901362419128 5.80858707427979 0 8
369266538080 89 -0.20236378908157 -6.34949254989624 0.00093403126812 4
372286437140 89 -0.32830435037613 -0.31588724255562 0 4
375306336200 89 -0.1407013386488 -7.19651746749878 1000 4
378326235260 89 0.28866356611252 3.65989995002747 0.00094042421551 8
381346134320 89 0.27106335759163 -0.56998765468597 0 8
366246639020 90 0.05480122566223 5.94358539581299 0 8
369266538080 90 -0.15676695108414 -6.5633978843689 0.00093403126812 4
372286437140 90 -0.32830435037613 -0.31588724255562 0 4
375306336200 90 -0.1407013386488 -7.19651746749878 1000 4
378326235260 90 0.1677363216877 3.84940075874329 0.00094042421551 8
381346134320 90 0.30572178959846 -0.46416461467743 0 8
366246639020 91 0.07058882713318 6.07858371734619 0 8
369266538080 91 -0.11117013543844 -6.77730321884155 0.00093403126812 4
372286437140 91 -0.32830435037613 -0.31588724255562 0 4
375306336200 91 -0.1407013386488 -7.19651746749878 1000 4
378326235260 91 0.04680906236172 4.03890132904053 0.00094042421551 8
381346134320 91 0.3403802216053 -0.35834157466888 0 8
366246639020 92 0.05711019039154 6.21059513092041 0 8
369266538080 92 -0.06185387820005 -6.72601842880249 1000 4
372286437140 92 -0.31992238759995 -0.36510244011879 0 4
375306336200 92 -0.1672191619873 -7.35475492477417 1000 4
378326235260 92 -0.02841010130942 4.24507617950439 0.00094042421551 8
381346134320 92 0.34439793229103 -0.1948744058609 0 8
366246639020 93 0.01436531543732 6.33961963653564 0 8
369266538080 93 -0.06185387820005 -6.72601842880249 1000 4
372286437140 93 -0.30315846204758 -0.46353283524513 0 4
375306336200 93 -0.1672191619873 -7.35475492477417 1000 4
378326235260 93 -0.05792116746306 4.46792697906494 0.00094042421551 8
381346134320 93 0.31777492165565 0.02623687684536 0 8
366246639020 94 -0.02837956137955 6.46864414215088 0 8
369266538080 94 -0.06185387820005 -6.72601842880249 1000 4
372286437140 94 -0.28639453649521 -0.56196308135986 0 4
375306336200 94 -0.1672191619873 -7.35475492477417 1000 4
378326235260 94 -0.0874322578311 4.69077777862549 0.00094042421551 8
381346134320 94 0.29115191102028 0.24734815955162 0 8
366246639020 95 -0.01259194500744 6.60364246368408 0 8
369266538080 95 -0.06185387820005 -6.72601842880249 1000 4
372286437140 95 -0.31811279058456 -0.7591233253479 0 4
375306336200 95 -0.1672191619873 -7.35475492477417 1000 4
378326235260 95 -0.01999723166227 4.9052209854126 0.00094042421551 8
381346134320 95 0.24453869462013 0.46512374281883 0 8
366246639020 96 0.00319567136467 6.73864078521729 0 8
369266538080 96 -0.06185387820005 -6.72601842880249 1000 4
372286437140 96 -0.34983104467392 -0.95628356933594 0 4
375306336200 96 -0.1672191619873 -7.35475492477417 1000 4
378326235260 96 0.04743779450655 5.11966419219971 0.00094042421551 8
381346134320 96 0.19792547821999 0.68289911746979 0 8
366246639020 97 0.01108947955072 6.80613994598389 1000 8
369266538080 97 -0.06185387820005 -6.72601842880249 1000 4
372286437140 97 -0.33944147825241 -1.15119898319244 0 4
375306336200 97 -0.1672191619873 -7.35475492477417 1000 4
378326235260 97 0.06639979034662 5.33831119537354 0.00094042421551 8
381346134320 97 0.19951388239861 0.90032231807709 0 8
366246639020 98 0.01108947955072 6.80613994598389 1000 8
369266538080 98 -0.06185387820005 -6.72601842880249 1000 4
372286437140 98 -0.28694409132004 -1.343869805336 0 4
375306336200 98 -0.1672191619873 -7.35475492477417 1000 4
378326235260 98 0.03688872978091 5.56116199493408 0.00094042421551 8
381346134320 98 0.24930390715599 1.11739361286163 0 8
366246639020 99 0.01108947955072 6.80613994598389 1000 8
369266538080 99 -0.06185387820005 -6.72601842880249 1000 4
372286437140 99 -0.23444674909115 -1.53654062747955 0 4
375306336200 99 -0.1672191619873 -7.35475492477417 1000 4
378326235260 99 0.00737767806277 5.78401279449463 0.00094042421551 8
381346134320 99 0.29909381270409 1.33446514606476 0 8
366246639020 100 0.01108947955072 6.80613994598389 1000 8
369266538080 100 -0.06185387820005 -6.72601842880249 1000 4
372286437140 100 -0.26829451322556 -1.73334658145905 0 4
375306336200 100 -0.1672191619873 -7.35475492477417 1000 4
378326235260 100 0.07481270283461 5.99845600128174 0.00094042421551 8
381346134320 100 0.25248059630394 1.55224049091339 0 8
366246639020 101 0.01108947955072 6.80613994598389 1000 8
369266538080 101 -0.06185387820005 -6.72601842880249 1000 4
372286437140 101 -0.30214232206345 -1.93015253543854 0 4
375306336200 101 -0.1672191619873 -7.35475492477417 1000 4
378326235260 101 0.14224773645401 6.21289920806885 0.00094042421551 8
381346134320 101 0.20586737990379 1.77001583576202 0 8
366246639020 102 0.01108947955072 6.80613994598389 1000 8
369266538080 102 -0.06185387820005 -6.72601842880249 1000 4
372286437140 102 -0.2961168885231 -2.12573003768921 0 4
375306336200 102 -0.1672191619873 -7.35475492477417 1000 4
378326235260 102 0.16120970249176 6.43154621124268 0.00094042421551 8
381346134320 102 0.20745578408241 1.9874392747879 0 8
366246639020 103 0.01108947955072 6.80613994598389 1000 8
369266538080 103 -0.06185387820005 -6.72601842880249 1000 4
372286437140 103 -0.25021821260452 -2.32007932662964 0 4
375306336200 103 -0.1672191619873 -7.35475492477417 1000 4
378326235260 103 0.13169860839844 6.65439701080322 0.00094042421551 8
381346134320 103 0.25724577903748 2.20451068878174 0 8
366246639020 104 0.01108947955072 6.80613994598389 1000 8
369266538080 104 -0.06185387820005 -6.72601842880249 1000 4
372286437140 104 -0.20431953668594 -2.51442861557007 0 4
375306336200 104 -0.1672191619873 -7.35475492477417 1000 4
378326235260 104 0.10218756645918 6.87724781036377 1000 8
381346134320 104 0.30703568458557 2.42158222198486 0 8
366246639020 105 -0.25333288311958 6.59974145889282 1000 8
369266538080 105 -0.06185387820005 -6.72601842880249 1000 4
372286437140 105 -0.24485665559769 -2.70996618270874 0 4
375306336200 105 -0.1672191619873 -7.35475492477417 1000 4
378326235260 105 0.36660981178284 7.08364629745483 1000 8
381346134320 105 0.26042246818542 2.6393575668335 0 8
366246639020 106 -0.25333288311958 6.59974145889282 1000 8
369266538080 106 -0.06185387820005 -6.72601842880249 1000 4
372286437140 106 -0.28539377450943 -2.90550374984741 0 4
375306336200 106 -0.1672191619873 -7.35475492477417 1000 4
378326235260 106 0.36660981178284 7.08364629745483 1000 8
381346134320 106 0.21380925178528 2.85713291168213 0 8
366246639020 107 -0.25333288311958 6.59974145889282 1000 8
369266538080 107 -0.06185387820005 -6.72601842880249 1000 4
372286437140 107 -0.28271299600601 -3.10044717788696 0 4
375306336200 107 -0.1672191619873 -7.35475492477417 1000 4
378326235260 107 0.36660981178284 7.08364629745483 1000 8
381346134320 107 0.2153976559639 3.07455635070801 0 8
366246639020 108 -0.25333288311958 6.59974145889282 1000 8
369266538080 108 -0.06185387820005 -6.72601842880249 1000 4
372286437140 108 -0.23681432008743 -3.29479646682739 0 4
375306336200 108 -0.1672191619873 -7.35475492477417 1000 4
378326235260 108 0.36660981178284 7.08364629745483 1000 8
381346134320 108 0.26518765091896 3.29162788391113 0 8
366246639020 109 -0.25333288311958 6.59974145889282 1000 8
369266538080 109 -0.06185387820005 -6.72601842880249 1000 4
372286437140 109 -0.19091564416885 -3.48914575576782 0 4
375306336200 109 -0.1672191619873 -7.35475492477417 1000 4
378326235260 109 0.36660981178284 7.08364629745483 1000 8
381346134320 109 0.31497755646706 3.50869941711426 0 8
366246639020 110 -0.25333288311958 6.59974145889282 1000 8
369266538080 110 -0.06185387820005 -6.72601842880249 1000 4
372286437140 110 -0.2314527630806 -3.68468332290649 0 4
375306336200 110 -0.1672191619873 -7.35475492477417 1000 4
378326235260 110 0.36660981178284 7.08364629745483 1000 8
381346134320 110 0.26836434006691 3.72647476196289 0 8
366246639020 111 -0.25333288311958 6.59974145889282 1000 8
369266538080 111 -0.06185387820005 -6.72601842880249 1000 4
372286437140 111 -0.27198988199234 -3.88022089004517 0 4
375306336200 111 -0.1672191619873 -7.35475492477417 1000 4
378326235260 111 0.36660981178284 7.08364629745483 1000 8
381346134320 111 0.22175112366676 3.94425010681152 0 8
366246639020 112 -0.25333288311958 6.59974145889282 1000 8
369266538080 112 -0.06185387820005 -6.72601842880249 1000 4
372286437140 112 -0.26930910348892 -4.0751633644104 0 4
375306336200 112 -0.1672191619873 -7.35475492477417 1000 4
378326235260 112 0.36660981178284 7.08364629745483 1000 8
381346134320 112 0.22333952784538 4.16167402267456 0 8
366246639020 113 -0.25333288311958 6.59974145889282 1000 8
369266538080 113 -0.06185387820005 -6.72601842880249 1000 4
372286437140 113 -0.22341042757034 -4.2695107460022 0 4
375306336200 113 -0.1672191619873 -7.35475492477417 1000 4
378326235260 113 0.36660981178284 7.08364629745483 1000 8
381346134320 113 0.27312949299812 4.37874555587769 0 8
366246639020 114 -0.25333288311958 6.59974145889282 1000 8
369266538080 114 -0.06185387820005 -6.72601842880249 1000 4
372286437140 114 -0.17751175165176 -4.46385812759399 0 4
375306336200 114 -0.1672191619873 -7.35475492477417 1000 4
378326235260 114 0.36660981178284 7.08364629745483 1000 8
381346134320 114 0.32291939854622 4.59581708908081 0 8
366246639020 115 -0.25333288311958 6.59974145889282 1000 8
369266538080 115 -0.06185387820005 -6.72601842880249 1000 4
372286437140 115 -0.21804887056351 -4.65939569473267 0 4
375306336200 115 -0.1672191619873 -7.35475492477417 1000 4
378326235260 115 0.36660981178284 7.08364629745483 1000 8
381346134320 115 0.27630618214607 4.81359434127808 0 8
366246639020 116 -0.25333288311958 6.59974145889282 1000 8
369266538080 116 -0.06185387820005 -6.72601842880249 1000 4
372286437140 116 -0.25858598947525 -4.85493326187134 0 4
375306336200 116 -0.1672191619873 -7.35475492477417 1000 4
378326235260 116 0.36660981178284 7.08364629745483 1000 8
381346134320 116 0.22969296574593 5.03137159347534 0 8
366246639020 117 -0.25333288311958 6.59974145889282 1000 8
369266538080 117 -0.06185387820005 -6.72601842880249 1000 4
372286437140 117 -0.25590521097183 -5.04987573623657 0 4
375306336200 117 -0.1672191619873 -7.35475492477417 1000 4
378326235260 117 0.36660981178284 7.08364629745483 1000 8
381346134320 117 0.23128136992455 5.24879598617554 0 8
366246639020 118 -0.25333288311958 6.59974145889282 1000 8
369266538080 118 -0.06185387820005 -6.72601842880249 1000 4
372286437140 118 -0.21000653505325 -5.24422311782837 0 4
375306336200 118 -0.1672191619873 -7.35475492477417 1000 4
378326235260 118 0.36660981178284 7.08364629745483 1000 8
381346134320 118 0.28107133507729 5.46586751937866 0 8
366246639020 119 -0.25333288311958 6.59974145889282 1000 8
369266538080 119 -0.06185387820005 -6.72601842880249 1000 4
372286437140 119 -0.16410785913467 -5.43857049942017 0 4
375306336200 119 -0.1672191619873 -7.35475492477417 1000 4
378326235260 119 0.36660981178284 7.08364629745483 1000 8
381346134320 119 0.33086124062538 5.68293905258179 0 8
366246639020 120 -0.25333288311958 6.59974145889282 1000 8
369266538080 120 -0.06185387820005 -6.72601842880249 1000 4
372286437140 120 -0.20464497804642 -5.63410806655884 0 4
375306336200 120 -0.1672191619873 -7.35475492477417 1000 4
378326235260 120 0.36660981178284 7.08364629745483 1000 8
381346134320 120 0.28424802422523 5.90071630477905 0 8
366246639020 121 -0.25333288311958 6.59974145889282 1000 8
369266538080 121 -0.06185387820005 -6.72601842880249 1000 4
372286437140 121 -0.24518209695816 -5.82964563369751 0 4
375306336200 121 -0.1672191619873 -7.35475492477417 1000 4
378326235260 121 0.36660981178284 7.08364629745483 1000 8
381346134320 121 0.23763480782509 6.11849355697632 0 8
366246639020 122 -0.25333288311958 6.59974145889282 1000 8
369266538080 122 -0.06185387820005 -6.72601842880249 1000 4
372286437140 122 -0.24250131845474 -6.02458810806274 0 4
375306336200 122 -0.1672191619873 -7.35475492477417 1000 4
378326235260 122 0.36660981178284 7.08364629745483 1000 8
381346134320 122 0.23922321200371 6.33591794967651 0 8
366246639020 123 -0.25333288311958 6.59974145889282 1000 8
369266538080 123 -0.06185387820005 -6.72601842880249 1000 4
372286437140 123 -0.19660264253616 -6.21893548965454 0 4
375306336200 123 -0.1672191619873 -7.35475492477417 1000 4
378326235260 123 0.36660981178284 7.08364629745483 1000 8
381346134320 123 0.28901314735413 6.55298948287964 0 8
366246639020 124 -0.25333288311958 6.59974145889282 1000 8
369266538080 124 -0.06185387820005 -6.72601842880249 1000 4
372286437140 124 -0.15070396661758 -6.41328287124634 0 4
375306336200 124 -0.1672191619873 -7.35475492477417 1000 4
378326235260 124 0.36660981178284 7.08364629745483 1000 8
381346134320 124 0.33880305290222 6.77006101608276 0 8
366246639020 125 -0.25333288311958 6.59974145889282 1000 8
369266538080 125 -0.06185387820005 -6.72601842880249 1000 4
372286437140 125 -0.19124108552933 -6.60882043838501 0 4
375306336200 125 -0.1672191619873 -7.35475492477417 1000 4
378326235260 125 0.36660981178284 7.08364629745483 1000 8
381346134320 125 0.29218983650208 6.98783826828003 0 8
366246639020 126 -0.25333288311958 6.59974145889282 1000 8
369266538080 126 -0.06185387820005 -6.72601842880249 1000 4
372286437140 126 -0.23177820444107 -6.80435800552368 0 4
375306336200 126 -0.1672191619873 -7.35475492477417 1000 4
378326235260 126 0.36660981178284 7.08364629745483 1000 8
381346134320 126 0.24557662010193 7.20561552047729 0 8
