# framerate: 30 fps
# id frame x/m y/m z/m
365240005900 0 0.02972589246929 -8.90042114257813 0 4
365240005900 1 0.0594517737627 -8.80084228515625 0 4
365240005900 2 0.05917172133923 -8.64824295043945 0 4
365240005900 3 0.02888570725918 -8.44262313842773 0 4
365240005900 4 -0.00140031101182 -8.23700332641602 0 4
365240005900 5 0.05805147439241 -8.03784561157227 0 4
365240005900 6 0.11750323325396 -7.83868789672852 0 4
365240005900 7 0.13293135166168 -7.63617706298828 0 4
365240005900 8 0.10433582961559 -7.43031311035156 0 4
365240005900 9 0.07574032247066 -7.22444915771484 0 4
365240005900 10 0.13682642579079 -7.02578735351563 0 4
365240005900 11 0.19791248440742 -6.82712554931641 0 4
365240005900 12 0.22972109913826 -6.62388229370117 0 4
365240005900 13 0.23225226998329 -6.41605758666992 0 4
365240005900 14 0.23478344082832 -6.20823287963867 0 4
365240005900 15 0.32490876317024 -6.02094650268555 0 4
365240005900 16 0.41503408551216 -5.83366012573242 0 4
365240005900 17 0.46136239171028 -5.63610458374023 0 4
365240005900 18 0.4638936817646 -5.42827987670898 0 4
365240005900 19 0.46642497181892 -5.22045516967773 0 4
365240005900 20 0.55655044317245 -5.03316879272461 0 4
365240005900 21 0.64667600393295 -4.84588241577148 0 4
365240005900 22 0.69300431013107 -4.6483268737793 0 4
365240005900 23 0.69553536176682 -4.44050216674805 0 4
365240005900 24 0.69806641340256 -4.2326774597168 0 4
365240005900 25 0.66370409727097 -4.02769470214844 0 4
365240005900 26 0.62934178113937 -3.82271361351013 0 4
365240005900 27 0.55327481031418 -3.6345956325531 0 4
365240005900 28 0.43550303578377 -3.46334052085876 0 4
365240005900 29 0.31773117184639 -3.29208540916443 0 4
365240005900 30 0.26634457707405 -3.09069609642029 0 4
365240005900 31 0.21495807170868 -2.88930678367615 0 4
365240005900 32 0.12342339754105 -2.7082097530365 0 4
365240005900 33 -0.00825945660472 -2.54740500450134 0 4
365240005900 34 -0.13994231820107 -2.38660025596619 0 4
365240005900 35 -0.19132879376411 -2.18521094322205 0 4
365240005900 36 -0.24271526932716 -1.98382163047791 0 4
365240005900 37 -0.32445645332336 -1.79561591148376 0 4
365240005900 38 -0.43655228614807 -1.62059378623962 0 4
365240005900 39 -0.54864811897278 -1.44557166099548 0 4
365240005900 40 -0.57627367973328 -1.23957419395447 0 4
365240005900 41 -0.60389924049377 -1.03357672691345 0 4
365240005900 42 -0.58670139312744 -0.83139163255692 0 4
365240005900 43 -0.52468013763428 -0.63301926851273 0 4
365240005900 44 -0.46265903115273 -0.43464681506157 0 4
365240005900 45 -0.34245696663857 -0.26508924365044 0 4
365240005900 46 -0.2222549021244 -0.09553177654743 0 4
365240005900 47 -0.1406457722187 0.09091789275408 0 4
365240005900 48 -0.09762962162495 0.29425969719887 0 4
365240005900 49 -0.05461348593235 0.49760141968727 0 4
365240005900 50 0.07030832022429 0.66371238231659 0 4
365240005900 51 0.19523012638092 0.82982337474823 0 4
365240005900 52 0.27919912338257 1.01454985141754 0 4
365240005900 53 0.32221531867981 1.21789133548737 0 4
365240005900 54 0.36523151397705 1.42123281955719 0 4
365240005900 55 0.49015331268311 1.58734381198883 0 4
365240005900 56 0.61507511138916 1.75345480442047 0 4
365240005900 57 0.69904398918152 1.9381810426712 0 4
365240005900 58 0.74205994606018 2.14152312278748 0 4
365240005900 59 0.78507590293884 2.34486556053162 0 4
365240005900 60 0.738126039505 2.54733443260193 0 4
365240005900 61 0.69117617607117 2.74980330467224 0 4
365240005900 62 0.60364198684692 2.93286681175232 0 4
365240005900 63 0.47552347183228 3.09652495384216 0 4
365240005900 64 0.34740495681763 3.26018309593201 0 4
365240005900 65 0.16447591781616 3.3588502407074 0 4
365240005900 66 -0.0184531211853 3.45751738548279 0 4
365240005900 67 -0.17196333408356 3.59021735191345 0 4
365240005900 68 -0.2960547208786 3.75695013999939 0 4
365240005900 69 -0.42014610767365 3.92368292808533 0 4
365240005900 70 -0.46214711666107 4.12723588943481 0 4
365240005900 71 -0.5041481256485 4.33078813552856 0 4
365240005900 72 -0.51949632167816 4.53633165359497 0 4
365240005900 73 -0.50819194316864 4.74386644363403 0 4
365240005900 74 -0.49688747525215 4.9514012336731 0 4
365240005900 75 -0.41348341107368 5.14177370071411 0 4
365240005900 76 -0.33007934689522 5.33214616775513 0 4
365240005900 77 -0.29081001877785 5.53122568130493 0 4
365240005900 78 -0.29567542672157 5.73901224136353 0 4
365240005900 79 -0.3005408346653 5.94679880142212 0 4
365240005900 80 -0.21713671088219 6.13717126846313 0 4
365240005900 81 -0.13373252749443 6.32754373550415 0 4
365240005900 82 -0.09446316957474 6.52662324905396 0 4
365240005900 83 -0.09932857751846 6.73440980911255 0 4
365240005900 84 -0.10419398546219 6.94219636917114 0 4
365240005900 85 -0.02078984305263 7.13256883621216 0 4
365240005900 86 0.06261430680752 7.32294130325317 0 4
365240005900 87 0.10188366472721 7.52202081680298 0 4
365240005900 88 0.09701825678349 7.72980737686157 0 4
365240005900 89 0.09215284883976 7.93759393692017 0 4
365240005900 90 0.14157482981682 8.13947486877441 0 4
365240005900 91 0.19099685549736 8.34135627746582 0 4
