# framerate: 30 fps
# id frame x/m y/m z/m
1003948621000 0 8.41495800018311 -8.47461223602295 0 4
1003948621000 1 8.31776714324951 -8.44559764862061 0 4
1003948621000 2 8.20685005187988 -8.43485260009766 0 4
1003948621000 3 8.03124523162842 -8.46071434020996 0 4
1003948621000 4 7.855637550354 -8.48657608032227 0 4
1003948621000 5 7.65809917449951 -8.47233963012695 0 4
1003948621000 6 7.48801517486572 -8.42156410217285 0 4
1003948621000 7 7.31793117523193 -8.37078857421875 0 4
1003948621000 8 7.14390134811401 -8.37475395202637 0 4
1003948621000 9 6.94320631027222 -8.40431022644043 0 4
1003948621000 10 6.76759815216064 -8.43017196655273 0 4
1003948621000 11 6.59751415252686 -8.37939643859863 0 4
1003948621000 12 6.40313243865967 -8.32136726379395 0 4
1003948621000 13 6.23147010803223 -8.29248809814453 0 4
1003948621000 14 6.05586194992065 -8.31834983825684 0 4
1003948621000 15 5.88025379180908 -8.34421157836914 0 4
1003948621000 16 5.68271541595459 -8.32997512817383 0 4
1003948621000 17 5.5126314163208 -8.27919960021973 0 4
1003948621000 18 5.34254741668701 -8.22842407226563 0 4
1003948621000 19 5.16851758956909 -8.23238945007324 0 4
1003948621000 20 4.96782255172729 -8.2619457244873 0 4
1003948621000 21 4.79221439361572 -8.28780746459961 0 4
1003948621000 22 4.62213039398193 -8.23703193664551 0 4
1003948621000 23 4.42774868011475 -8.17900276184082 0 4
1003948621000 24 4.2560863494873 -8.15012359619141 0 4
1003948621000 25 4.08047819137573 -8.17598533630371 0 4
1003948621000 26 3.90487098693848 -8.20184707641602 0 4
1003948621000 27 3.7073335647583 -8.1876106262207 0 4
1003948621000 28 3.53724956512451 -8.1368350982666 0 4
1003948621000 29 3.36716556549072 -8.0860595703125 0 4
1003948621000 30 3.1931369304657 -8.09002494812012 0 4
1003948621000 31 2.99244379997253 -8.11958122253418 0 4
1003948621000 32 2.81683731079102 -8.14544296264648 0 4
1003948621000 33 2.64675331115723 -8.09466743469238 0 4
1003948621000 34 2.45237159729004 -8.0366382598877 0 4
1003948621000 35 2.28070974349976 -8.00775909423828 0 4
1003948621000 36 2.10510325431824 -8.03362083435059 0 4
1003948621000 37 1.92949676513672 -8.05948257446289 0 4
1003948621000 38 1.73195886611938 -8.04524612426758 0 4
1003948621000 39 1.56187403202057 -7.99447107315063 0 4
1003948621000 40 1.39178919792175 -7.94369888305664 0 4
1003948621000 41 1.21776032447815 -7.94766759872437 0 4
1003948621000 42 1.01706719398499 -7.97722768783569 0 4
1003948621000 43 0.84146028757095 -8.00309276580811 0 4
1003948621000 44 0.66940361261368 -7.9594669342041 0 4
1003948621000 45 0.47276735305786 -7.90960884094238 0 4
1003948621000 46 0.30004861950874 -7.88792610168457 0 4
1003948621000 47 0.12567526102066 -7.92110109329224 0 4
1003948621000 48 -0.04869814962149 -7.9542760848999 0 4
1003948621000 49 -0.24665826559067 -7.94830417633057 0 4
1003948621000 50 -0.4187151491642 -7.90467834472656 0 4
1003948621000 51 -0.59077191352844 -7.86105251312256 0 4
1003948621000 52 -0.76448351144791 -7.87228441238403 0 4
1003948621000 53 -0.96376758813858 -7.91019868850708 0 4
1003948621000 54 -1.13814079761505 -7.94337368011475 0 4
1003948621000 55 -1.3123836517334 -7.90951776504517 0 4
1003948621000 56 -1.51151847839355 -7.87082529067993 0 4
1003948621000 57 -1.6851851940155 -7.85891532897949 0 4
1003948621000 58 -1.85741126537323 -7.9018702507019 0 4
1003948621000 59 -2.02963709831238 -7.94482517242432 0 4
1003948621000 60 -2.227618932724 -7.95002460479736 0 4
1003948621000 61 -2.40186190605164 -7.91616868972778 0 4
1003948621000 62 -2.57610487937927 -7.8823127746582 0 4
1003948621000 63 -2.74890661239624 -7.90332174301147 0 4
1003948621000 64 -2.94573545455933 -7.9524130821228 0 4
1003948621000 65 -3.11796069145203 -7.99536800384521 0 4
1003948621000 66 -3.29220366477966 -7.96151208877563 0 4
1003948621000 67 -3.49133849143982 -7.9228196144104 0 4
1003948621000 68 -3.66500496864319 -7.91090965270996 0 4
1003948621000 69 -3.83723020553589 -7.95386457443237 0 4
1003948621000 70 -4.00945568084717 -7.99681949615479 0 4
1003948621000 71 -4.20743846893311 -8.00201511383057 0 4
1003948621000 72 -4.38168144226074 -7.96815919876099 0 4
1003948621000 73 -4.55592441558838 -7.93430328369141 0 4
1003948621000 74 -4.72872734069824 -7.95531225204468 0 4
1003948621000 75 -4.92555809020996 -8.00440311431885 0 4
1003948621000 76 -5.09778499603271 -8.04735469818115 0 4
1003948621000 77 -5.27202796936035 -8.01349544525146 0 4
1003948621000 78 -5.47116279602051 -7.97480201721191 0 4
1003948621000 79 -5.64633274078369 -7.95129346847534 0 4
1003948621000 80 -5.82382011413574 -7.95365333557129 0 4
1003948621000 81 -6.00130748748779 -7.95601320266724 0 4
1003948621000 82 -6.19521617889404 -7.91572237014771 0 4
1003948621000 83 -6.35706901550293 -7.84285354614258 0 4
1003948621000 84 -6.51892185211182 -7.76998472213745 0 4
1003948621000 85 -6.64794683456421 -7.65313243865967 0 4
1003948621000 86 -6.78039693832397 -7.49948024749756 0 4
1003948621000 87 -6.89629077911377 -7.36503458023071 0 4
1003948621000 88 -6.94450616836548 -7.19420623779297 0 4
1003948621000 89 -6.99960947036743 -6.99897384643555 0 4
1003948621000 90 -7.06716156005859 -6.83854055404663 0 4
1003948621000 91 -7.18305540084839 -6.70409488677979 0 4
1003948621000 92 -7.29894924163818 -6.56964921951294 0 4
1003948621000 93 -7.39272594451904 -6.39520692825317 0 4
1003948621000 94 -7.44094133377075 -6.22437858581543 0 4
1003948621000 95 -7.48915672302246 -6.05355024337769 0 4
1003948621000 96 -7.5857138633728 -5.90870952606201 0 4
1003948621000 97 -7.71816396713257 -5.7550573348999 0 4
1003948621000 98 -7.83405780792236 -5.62061166763306 0 4
1003948621000 99 -7.88227319717407 -5.44978332519531 0 4
1003948621000 100 -7.93737649917603 -5.25455093383789 0 4
1003948621000 101 -7.96367454528809 -5.08247423171997 0 4
1003948621000 102 -7.93517923355103 -4.90727663040161 0 4
1003948621000 103 -7.90668392181396 -4.73207902908325 0 4
1003948621000 104 -7.91795253753662 -4.53434991836548 0 4
1003948621000 105 -7.96616792678833 -4.36352157592773 0 4
1003948621000 106 -8.01438426971436 -4.19269323348999 0 4
1003948621000 107 -8.00780487060547 -4.01874399185181 0 4
1003948621000 108 -7.97523832321167 -3.81851625442505 0 4
1003948621000 109 -7.94674301147461 -3.64331698417664 0 4
1003948621000 110 -7.99495840072632 -3.47249031066895 0 4
1003948621000 111 -8.05006504058838 -3.27725982666016 0 4
1003948621000 112 -8.07636451721191 -3.10518383979797 0 4
1003948621000 113 -8.04786586761475 -2.92998456954956 0 4
1003948621000 114 -8.01936721801758 -2.75478529930115 0 4
1003948621000 115 -8.03063583374023 -2.55705618858337 0 4
1003948621000 116 -8.07885456085205 -2.38622951507568 0 4
1003948621000 117 -8.12707328796387 -2.21540284156799 0 4
1003948621000 118 -8.12049388885498 -2.04145288467407 0 4
1003948621000 119 -8.08792400360107 -1.84122514724731 0 4
1003948621000 120 -8.05942535400391 -1.6660258769989 0 4
1003948621000 121 -8.10764408111572 -1.49519836902618 0 4
1003948621000 122 -8.15586280822754 -1.32437086105347 0 4
1003948621000 123 -8.18905067443848 -1.12789034843445 0 4
1003948621000 124 -8.16055202484131 -0.95269119739532 0 4
1003948621000 125 -8.13205337524414 -0.77749234437943 0 4
1003948621000 126 -8.1433219909668 -0.57976299524307 0 4
1003948621000 127 -8.19154071807861 -0.40893560647964 0 4
1003948621000 128 -8.23975944519043 -0.23810830712318 0 4
1003948621000 129 -8.23318004608154 -0.06415834277868 0 4
1003948621000 130 -8.20061016082764 0.13606908917427 0 4
1003948621000 131 -8.17211151123047 0.31126815080643 0 4
1003948621000 132 -8.22033023834229 0.48209545016289 0 4
1003948621000 133 -8.2685489654541 0.65292292833328 0 4
1003948621000 134 -8.30173683166504 0.84940332174301 0 4
1003948621000 135 -8.27323818206787 1.02460217475891 0 4
1003948621000 136 -8.2447395324707 1.19980144500732 0 4
1003948621000 137 -8.25600814819336 1.39753103256226 0 4
1003948621000 138 -8.30422687530518 1.56835854053497 0 4
1003948621000 139 -8.35244560241699 1.73918604850769 0 4
1003948621000 140 -8.34586620330811 1.91313624382019 0 4
1003948621000 141 -8.3132963180542 2.11336398124695 0 4
1003948621000 142 -8.28479766845703 2.28856325149536 0 4
1003948621000 143 -8.33301639556885 2.45938992500305 0 4
1003948621000 144 -8.38123512268066 2.63021659851074 0 4
1003948621000 145 -8.4144229888916 2.82669639587402 0 4
1003948621000 146 -8.38592433929443 3.00189566612244 0 4
1003948621000 147 -8.35742568969727 3.17709493637085 0 4
1003948621000 148 -8.36869430541992 3.37482404708862 0 4
1003948621000 149 -8.41691303253174 3.54565072059631 0 4
1003948621000 150 -8.46513175964355 3.716477394104 0 4
1003948621000 151 -8.45855236053467 3.89042735099792 0 4
1003948621000 152 -8.42598247528076 4.09065437316895 0 4
1003948621000 153 -8.39748382568359 4.2658519744873 0 4
1003948621000 154 -8.42492771148682 4.44121980667114 0 4
1003948621000 155 -8.45237159729004 4.61658763885498 0 4
1003948621000 156 -8.46182632446289 4.8156270980835 0 4
1003948621000 157 -8.4125862121582 4.98616170883179 0 4
1003948621000 158 -8.36334609985352 5.15669631958008 0 4
1003948621000 159 -8.26852416992188 5.33057022094727 0 4
1003948621000 160 -8.15182590484619 5.46431493759155 0 4
1003948621000 161 -8.03512763977051 5.59805965423584 0 4
1003948621000 162 -7.96661138534546 5.7580828666687 0 4
1003948621000 163 -7.91033315658569 5.95297956466675 0 4
1003948621000 164 -7.8610897064209 6.12351417541504 0 4
1003948621000 165 -7.74439144134521 6.25725889205933 0 4
1003948621000 166 -7.62769317626953 6.39100360870361 0 4
1003948621000 167 -7.48129749298096 6.52618312835693 0 4
1003948621000 168 -7.319007396698 6.59807729721069 0 4
1003948621000 169 -7.17611980438232 6.68477439880371 0.0008268727106 4
1003948621000 170 -7.05550289154053 6.83188819885254 0.0008268727106 4
1003948621000 171 -6.93880462646484 6.96563291549683 0.0008268727106 4
1003948621000 172 -6.82210636138916 7.09937763214111 0.0008268727106 4
1003948621000 173 -6.67284250259399 7.18894338607788 0.0008268727106 4
1003948621000 174 -6.48736810684204 7.27110815048218 0.0008268727106 4
1003948621000 175 -6.32507801055908 7.34300231933594 0.0008268727106 4
1003948621000 176 -6.14761066436768 7.33957433700562 0.0008268727106 4
1003948621000 177 -5.97014331817627 7.33614635467529 0.0008268727106 4
1003948621000 178 -5.7686243057251 7.34466075897217 0.0008268727106 4
1003948621000 179 -5.59570980072021 7.3847451210022 0.0008268727106 4
1003948621000 180 -5.42279529571533 7.42482948303223 0.0008268727106 4
1003948621000 181 -5.22262859344482 7.44395637512207 0.0008268727106 4
1003948621000 182 -5.04525136947632 7.43734407424927 0.0008268727106 4
1003948621000 183 -4.86787414550781 7.43073177337646 0.0008268727106 4
1003948621000 184 -4.69215393066406 7.44980907440186 0.0008268727106 4
1003948621000 185 -4.49208831787109 7.48335552215576 0.0008268727106 4
1003948621000 186 -4.31703090667725 7.51270866394043 0.0008268727106 4
1003948621000 187 -4.14218044281006 7.54328012466431 0.0008268727106 4
1003948621000 188 -3.96733045578003 7.57385158538818 0.0008268727106 4
1003948621000 189 -3.76688385009766 7.60380172729492 0.0008268727106 4
1003948621000 190 -3.58986711502075 7.61691284179688 0.0008268727106 4
1003948621000 191 -3.41285037994385 7.63002395629883 0.0008268727106 4
1003948621000 192 -3.21049976348877 7.64435958862305 0.0008268727106 4
1003948621000 193 -3.03340291976929 7.65633583068848 0.0008268727106 4
1003948621000 194 -2.75504112243652 7.67395496368408 0.0008268727106 4
1003948621000 195 -2.57771062850952 7.68172883987427 0.0008268727106 4
1003948621000 196 -2.37504720687866 7.69061326980591 0.0008268727106 4
1003948621000 197 -2.19765186309814 7.69653129577637 0.0008268727106 4
1003948621000 198 -2.02020788192749 7.70105743408203 0.0008268727106 4
1003948621000 199 -1.8174147605896 7.70623016357422 0.0008268727106 4
1003948621000 200 -1.63995504379272 7.71005249023438 0.0008268727106 4
1003948621000 201 -1.46249270439148 7.71375751495361 0.0008268727106 4
1003948621000 202 -1.28503036499023 7.71746253967285 0.0008268727106 4
1003948621000 203 -1.08220291137695 7.72104072570801 0.0008268727106 4
1003948621000 204 -0.90472912788391 7.72417163848877 0.0008268727106 4
1003948621000 205 -0.72725743055344 7.72741031646729 0.0008268727106 4
1003948621000 206 -0.54979050159454 7.73091840744019 0.0008268727106 4
1003948621000 207 -0.34697136282921 7.73492765426636 0.0008268727106 4
1003948621000 208 -0.16952741146088 7.7393684387207 0.0008268727106 4
1003948621000 209 0.00789950415492 7.74450874328613 0.0008268727106 4
1003948621000 210 0.21067310869694 7.7503833770752 0.0008268727106 4
1003948621000 211 0.38789919018745 7.76008701324463 0.0008268727106 4
1003948621000 212 0.56509184837341 7.7705512046814 0.0008268727106 4
1003948621000 213 0.74228465557098 7.78101539611816 0.0008268727106 4
1003948621000 214 0.94507110118866 7.78643608093262 0.0008268727106 4
1003948621000 215 1.12250924110413 7.79117918014526 0.0008268727106 4
1003948621000 216 1.29981482028961 7.79847431182861 0.0008268727106 4
1003948621000 217 1.47678899765015 7.81214952468872 0.0008268727106 4
1003948621000 218 1.6790452003479 7.82777833938599 0.0008268727106 4
1003948621000 219 1.85631597042084 7.83462333679199 0.0008268727106 4
1003948621000 220 2.0338089466095 7.83634567260742 0.0008268727106 4
1003948621000 221 2.23665738105774 7.83831405639648 0.0008268727106 4
1003948621000 222 2.40781259536743 7.88203620910645 0.0008268727106 4
1003948621000 223 2.5779116153717 7.93275833129883 0.0008268727106 4
1003948621000 224 2.74801063537598 7.98348045349121 0.0008268727106 4
1003948621000 225 2.94869613647461 7.95385932922363 0.0008268727106 4
1003948621000 226 3.12429594993591 7.9279408454895 0.0008268727106 4
1003948621000 227 3.29832410812378 7.92391967773438 0.0008268727106 4
1003948621000 228 3.46842312812805 7.97464179992676 0.0008268727106 4
1003948621000 229 3.66282200813293 8.0326099395752 0.0008268727106 4
1003948621000 230 3.83606433868408 8.0395393371582 0.0008268727106 4
1003948621000 231 4.01166391372681 8.01362419128418 0.0008268727106 4
1003948621000 232 4.21234750747681 7.98400449752808 0.0008268727106 4
1003948621000 233 4.38323354721069 8.02377796173096 0.0008268727106 4
1003948621000 234 4.55333423614502 8.07450008392334 0.0008268727106 4
1003948621000 235 4.72343492507935 8.12522220611572 0.0008268727106 4
1003948621000 236 4.92411851882935 8.09560489654541 0.0008268727106 4
1003948621000 237 5.0997166633606 8.06968975067139 0.0008268727106 4
1003948621000 238 5.27374410629272 8.06567096710205 0.0008268727106 4
1003948621000 239 5.44384479522705 8.11639308929443 0.0008268727106 4
1003948621000 240 5.63824558258057 8.17436122894287 0.0008268727106 4
1003948621000 241 5.81148767471313 8.18129062652588 0.0008268727106 4
1003948621000 242 5.98708581924438 8.15537548065186 0.0008268727106 4
1003948621000 243 6.18776941299438 8.12575817108154 0.0008268727106 4
1003948621000 244 6.35865545272827 8.16553211212158 0.0008268727106 4
1003948621000 245 6.5287561416626 8.21625423431396 0.0008268727106 4
1003948621000 246 6.69885683059692 8.26697635650635 0.0008268727106 4
1003948621000 247 6.89954042434692 8.23735904693604 0.0008268727106 4
1003948621000 248 7.07513856887817 8.21144390106201 0.0008268727106 4
1003948621000 249 7.25121641159058 8.1903772354126 0.0008268727106 4
1003948621000 250 7.42849349975586 8.18143177032471 0.0008268727106 4
1003948621000 251 7.63109588623047 8.17120838165283 0.0008268727106 4
1003948621000 252 7.80763864517212 8.18057727813721 0.0008268727106 4
1003948621000 253 7.98363065719604 8.20368194580078 0.0008268727106 4
1003948621000 254 8.18476390838623 8.23008728027344 0.0008268727106 4
1003948621000 255 8.35499382019043 8.18758296966553 0.0008268727106 4
1003948621000 256 8.52426338195801 8.1341438293457 0.0008268727106 4
1003948621000 257 8.69353294372559 8.08070468902588 0.0008268727106 4
1003948621000 258 8.89466667175293 8.10711002349854 0.0008268727106 4
1003948621000 259 9.07065868377686 8.13021469116211 0.0008268727106 4
