# framerate: 30 fps
# id frame x/m y/m z/m
5856758347630 0 0.00073900143616 -6.9907341003418 0 4
5856758347630 1 0.00147800263949 -6.98146820068359 0 4
5856758347630 2 -0.00089091062546 -6.96546983718872 0 4
5856758347630 3 -0.02490965649486 -6.90102052688599 0 4
5856758347630 4 -0.04592605307698 -6.84462738037109 0 4
5856758347630 5 -0.09340260922909 -6.77747535705566 0 4
5856758347630 6 -0.18798181414604 -6.68433570861816 0 4
5856758347630 7 -0.27073863148689 -6.60283851623535 0 4
5856758347630 8 -0.37531608343124 -6.55079793930054 0 4
5856758347630 9 -0.48862183094025 -6.51054000854492 0 4
5856758347630 10 -0.61811411380768 -6.46453094482422 0 4
5856758347630 11 -0.73781394958496 -6.45309209823608 0 4
5856758347630 12 -0.85751378536224 -6.44165325164795 0 4
5856758347630 13 -0.97492092847824 -6.42314100265503 0 4
5856758347630 14 -1.09337878227234 -6.35348081588745 0 4
5856758347630 15 -1.19702935218811 -6.29252815246582 0 4
5856758347630 16 -1.30527973175049 -6.24180507659912 0 4
5856758347630 17 -1.43600368499756 -6.19942378997803 0 4
5856758347630 18 -1.55038714408875 -6.16234016418457 0 4
5856758347630 19 -1.64592123031616 -6.09320831298828 0 4
5856758347630 20 -1.73391556739807 -6.01125717163086 0 4
5856758347630 21 -1.83448052406311 -5.91759872436523 0 4
5856758347630 22 -1.94303607940674 -5.86588191986084 0 4
5856758347630 23 -2.05159163475037 -5.81416511535645 0 4
5856758347630 24 -2.15557193756104 -5.75658655166626 0 4
5856758347630 25 -2.24303340911865 -5.65058755874634 0 4
5856758347630 26 -2.31956219673157 -5.55783843994141 0 4
5856758347630 27 -2.40837407112122 -5.47987079620361 0 4
5856758347630 28 -2.52859044075012 -5.41328907012939 0 4
5856758347630 29 -2.63377976417542 -5.35503005981445 0 4
5856758347630 30 -2.71434164047241 -5.26891660690308 0 4
5856758347630 31 -2.78505253791809 -5.17166137695313 0 4
5856758347630 32 -2.86586499214172 -5.06051254272461 0 4
5856758347630 33 -2.88884949684143 -4.94248580932617 0 4
5856758347630 34 -2.91183400154114 -4.82445907592773 0 4
5856758347630 35 -2.94163656234741 -4.70939970016479 0 4
5856758347630 36 -3.02244901657104 -4.59825086593628 0 4
5856758347630 37 -3.09315991401672 -4.50099563598633 0 4
5856758347630 38 -3.1434166431427 -4.39483833312988 0 4
5856758347630 39 -3.16968464851379 -4.25995063781738 0 4
5856758347630 40 -3.1926691532135 -4.14192390441895 0 4
5856758347630 41 -3.24974393844604 -4.038733959198 0 4
5856758347630 42 -3.32045483589172 -3.94147753715515 0 4
5856758347630 43 -3.40126729011536 -3.830326795578 0 4
5856758347630 44 -3.42425179481506 -3.71229839324951 0 4
5856758347630 45 -3.44723629951477 -3.59426999092102 0 4
5856758347630 46 -3.46278738975525 -3.47643375396729 0 4
5856758347630 47 -3.42958807945251 -3.3430814743042 0 4
5856758347630 48 -3.40053868293762 -3.226398229599 0 4
5856758347630 49 -3.39378952980042 -3.10913848876953 0 4
5856758347630 50 -3.42005753517151 -2.9742488861084 0 4
5856758347630 51 -3.44304203987122 -2.85622048377991 0 4
5856758347630 52 -3.42885947227478 -2.7391529083252 0 4
5856758347630 53 -3.39981007575989 -2.62246966362 0 4
5856758347630 54 -3.36661076545715 -2.48911738395691 0 4
5856758347630 55 -3.36236333847046 -2.36894774436951 0 4
5856758347630 56 -3.35811591148376 -2.2487781047821 0 4
5856758347630 57 -3.34667015075684 -2.13047337532043 0 4
5856758347630 58 -3.28422927856445 -2.00805592536926 0 4
5856758347630 59 -3.22959351539612 -1.90093982219696 0 4
5856758347630 60 -3.19655275344849 -1.78822934627533 0 4
5856758347630 61 -3.19169855117798 -1.6508926153183 0 4
5856758347630 62 -3.18745112419128 -1.5307229757309 0 4
5856758347630 63 -3.14721202850342 -1.41987729072571 0 4
5856758347630 64 -3.09257626533508 -1.31276118755341 0 4
5856758347630 65 -3.0301353931427 -1.19034278392792 0 4
5856758347630 66 -2.95290732383728 -1.09817695617676 0 4
5856758347630 67 -2.87567925453186 -1.0060111284256 0 4
5856758347630 68 -2.79392027854919 -0.9197410941124 0 4
5856758347630 69 -2.66941237449646 -0.86157792806625 0 4
5856758347630 70 -2.56046795845032 -0.81068515777588 0 4
5856758347630 71 -2.46511626243591 -0.74210375547409 0 4
5856758347630 72 -2.38788819313049 -0.64993751049042 0 4
5856758347630 73 -2.29962754249573 -0.54460465908051 0 4
5856758347630 74 -2.23608350753784 -0.44306218624115 0 4
5856758347630 75 -2.17801308631897 -0.33776918053627 0 4
5856758347630 76 -2.1199426651001 -0.23247617483139 0 4
5856758347630 77 -2.01451849937439 -0.14654839038849 0 4
5856758347630 78 -1.91738939285278 -0.07566246390343 0 4
5856758347630 79 -1.8258398771286 0.0001387745142 0 4
5856758347630 80 -1.7677686214447 0.10543176531792 0 4
5856758347630 81 -1.70140147209167 0.22576662898064 0 4
5856758347630 82 -1.63720154762268 0.32708844542503 0 4
5856758347630 83 -1.56483006477356 0.42311534285545 0 4
5856758347630 84 -1.49245858192444 0.5191422700882 0 4
5856758347630 85 -1.44049060344696 0.6435911655426 0 4
5856758347630 86 -1.41115832328796 0.76020348072052 0 4
5856758347630 87 -1.38182604312897 0.87681579589844 0 4
5856758347630 88 -1.31260681152344 0.97343778610229 0 4
5856758347630 89 -1.22590160369873 1.08005559444427 0 4
5856758347630 90 -1.1566823720932 1.176677942276 0 4
5856758347630 91 -1.1273500919342 1.29329025745392 0 4
5856758347630 92 -1.09801781177521 1.40990257263184 0 4
5856758347630 93 -1.04632985591888 1.53456103801727 0 4
5856758347630 94 -0.97461175918579 1.63107693195343 0 4
5856758347630 95 -0.9028936624527 1.72759282588959 0 4
5856758347630 96 -0.85486483573914 1.85308754444122 0 4
5856758347630 97 -0.83065533638 1.97087061405182 0 4
5856758347630 98 -0.80644583702087 2.08865356445313 0 4
5856758347630 99 -0.79263401031494 2.20802593231201 0 4
5856758347630 100 -0.77882957458496 2.34475421905518 0 4
5856758347630 101 -0.75968939065933 2.46206092834473 0 4
5856758347630 102 -0.69818139076233 2.56538438796997 0 4
5856758347630 103 -0.63667339086533 2.66870784759521 0 4
5856758347630 104 -0.58756244182587 2.79378342628479 0 4
5856758347630 105 -0.57548356056213 2.91342067718506 0 4
5856758347630 106 -0.5634046792984 3.03305792808533 0 4
5856758347630 107 -0.58652353286743 3.16542553901672 0 4
5856758347630 108 -0.62613725662231 3.27895784378052 0 4
5856758347630 109 -0.6657509803772 3.39249014854431 0 4
5856758347630 110 -0.66105675697327 3.51125526428223 0 4
5856758347630 111 -0.64725232124329 3.64798355102539 0 4
5856758347630 112 -0.64255809783936 3.76674866676331 0 4
5856758347630 113 -0.68217182159424 3.8802809715271 0 4
5856758347630 114 -0.72178554534912 3.99381327629089 0 4
5856758347630 115 -0.74490439891815 4.12618112564087 0 4
5856758347630 116 -0.73282551765442 4.24581670761108 0 4
5856758347630 117 -0.72074663639069 4.3654522895813 0 4
5856758347630 118 -0.74386548995972 4.49782037734985 0 4
5856758347630 119 -0.7834792137146 4.6113543510437 0 4
5856758347630 120 -0.82309293746948 4.72488832473755 0 4
5856758347630 121 -0.81839871406555 4.84365224838257 0 4
5856758347630 122 -0.80459427833557 4.9803786277771 0 4
5856758347630 123 -0.78920769691467 5.09934711456299 0 4
5856758347630 124 -0.75397491455078 5.21431303024292 0 4
5856758347630 125 -0.71874213218689 5.32927894592285 0 4
5856758347630 126 -0.70071393251419 5.46243381500244 0 4
5856758347630 127 -0.71736943721771 5.58151865005493 0 4
5856758347630 128 -0.73402494192123 5.70060348510742 0 4
5856758347630 129 -0.72771978378296 5.83647155761719 0 4
5856758347630 130 -0.70889925956726 5.95523595809937 0 4
5856758347630 131 -0.69007873535156 6.07400035858154 0 4
5856758347630 132 -0.67582440376282 6.19338274002075 0 4
5856758347630 133 -0.66040349006653 6.32993745803833 0 4
5856758347630 134 -0.64835053682327 6.44952440261841 0 4
5856758347630 135 -0.644939661026 6.56972074508667 0 4
5856758347630 136 -0.64152878522873 6.68991708755493 0 4
5856758347630 137 -0.64923995733261 6.82629585266113 0 4
5856758347630 138 -0.67291748523712 6.94418573379517 0 4
5856758347630 139 -0.69659501314163 7.0620756149292 0 4
5856758347630 140 -0.69053483009338 7.17937231063843 0 4
5856758347630 141 -0.65811944007874 7.31291723251343 0 4
5856758347630 142 -0.62975597381592 7.42976903915405 0 4
5856758347630 143 -0.58976888656616 7.54306173324585 0 4
5856758347630 144 -0.5418553352356 7.67186117172241 0 4
5856758347630 145 -0.49368798732758 7.78052091598511 0 4
5856758347630 146 -0.40806269645691 7.86494207382202 0 4
5856758347630 147 -0.32243740558624 7.94936323165894 0 4
5856758347631 148 -2.76842069625854 -7.58727693557739 0 4
5856758347631 149 -2.86494159698486 -7.38028621673584 0 4
5856758347631 150 -2.96146249771118 -7.17329549789429 0 4
5856758347631 151 -3.00282859802246 -6.95407676696777 0 4
5856758347631 152 -3.00282859802246 -6.69305992126465 0 4
5856758347631 153 -3.00282859802246 -6.46467018127441 0 4
5856758347631 154 -3.08556079864502 -6.25462245941162 0 4
5856758347631 155 -3.1958703994751 -6.01806163787842 0 4
5856758347631 156 -3.27996850013733 -5.80804252624512 0 4
5856758347631 157 -3.28952980041504 -5.57985305786133 0 4
5856758347631 158 -3.29909110069275 -5.35166358947754 0 4
5856758347631 159 -3.35096383094788 -5.10177040100098 0 4
5856758347631 160 -3.45606470108032 -4.89900207519531 0 4
5856758347631 161 -3.56116557121277 -4.69623374938965 0 4
5856758347631 162 -3.61167240142822 -4.47893905639648 0 4
5856758347631 163 -3.62259960174561 -4.2181510925293 0 4
5856758347631 164 -3.63216090202332 -3.98996186256409 0 4
5856758347631 165 -3.72361326217651 -3.78356218338013 0 4
5856758347631 166 -3.84372854232788 -3.55182695388794 0 4
5856758347631 167 -3.93518090248108 -3.34542727470398 0 4
5856758347631 168 -3.94474220275879 -3.11723947525024 0 4
5856758347631 169 -3.9543035030365 -2.88905167579651 0 4
5856758347631 170 -3.92351627349854 -2.63569641113281 0 4
5856758347631 171 -3.83574390411377 -2.42484712600708 0 4
5856758347631 172 -3.747971534729 -2.21399784088135 0 4
5856758347631 173 -3.64034366607666 -2.01349401473999 0 4
5856758347631 174 -3.50032138824463 -1.79321527481079 0 4
5856758347631 175 -3.3778018951416 -1.60047137737274 0 4
5856758347631 176 -3.33494186401367 -1.37882399559021 0 4
5856758347631 177 -3.30113220214844 -1.12000727653503 0 4
5856758347631 178 -3.25827217102051 -0.8983598947525 0 4
5856758347631 179 -3.13575267791748 -0.70561599731445 0 4
5856758347631 180 -3.01323318481445 -0.5128720998764 0 4
5856758347631 181 -2.84322023391724 -0.32252353429794 0 4
5856758347631 182 -2.65072250366211 -0.19961705803871 0 4
5856758347631 183 -2.45822477340698 -0.07671060413122 0 4
5856758347631 184 -2.30571460723877 0.08610304445028 0 4
5856758347631 185 -2.16569232940674 0.30638200044632 0 4
5856758347631 186 -2.04317283630371 0.49912610650063 0 4
5856758347631 187 -1.86067199707031 0.63200920820236 0 4
5856758347631 188 -1.64067459106445 0.77247351408005 0 4
5856758347631 189 -1.45817375183105 0.90535658597946 0 4
5856758347631 190 -1.33565425872803 1.09810054302216 0 4
5856758347631 191 -1.213134765625 1.29084444046021 0 4
5856758347631 192 -1.11294221878052 1.52557492256165 0 4
5856758347631 193 -1.08335876464844 1.75203955173492 0 4
5856758347631 194 -1.05377531051636 1.9785041809082 0 4
5856758347631 195 -0.97108554840088 2.18569993972778 0 4
5856758347631 196 -0.83106327056885 2.4059796333313 0 4
5856758347631 197 -0.70854377746582 2.59872436523438 0 4
5856758347631 198 -0.66568374633789 2.82037115097046 0 4
5856758347631 199 -0.63187408447266 3.07918691635132 0 4
5856758347631 200 -0.61635917425156 3.3044056892395 0 4
5856758347631 201 -0.68525552749634 3.52215433120728 0 4
5856758347631 202 -0.75415188074112 3.73990297317505 0 4
5856758347631 203 -0.79068493843079 3.99249362945557 0 4
5856758347631 204 -0.76110148429871 4.21895742416382 0 4
5856758347631 205 -0.73151803016663 4.44542121887207 0 4
5856758347631 206 -0.75820875167847 4.66690492630005 0 4
5856758347631 207 -0.83694744110107 4.91576051712036 0 4
5856758347631 208 -0.90584379434586 5.13350915908813 0 4
5856758347631 209 -0.89032888412476 5.35872793197632 0 4
5856758347631 210 -0.85651922225952 5.61754369735718 0 4
5856758347631 211 -0.83256071805954 5.84425258636475 0 4
5856758347631 212 -0.84235191345215 6.07243204116821 0 4
5856758347631 213 -0.85214310884476 6.30061149597168 0 4
5856758347631 214 -0.82161164283752 6.55399942398071 0 4
5856758347631 215 -0.73405289649963 6.76493883132935 0 4
5856758347631 216 -0.64649415016174 6.97587823867798 0 4
5856758347631 217 -0.61456394195557 7.19666910171509 0 4
5856758347631 218 -0.62575387954712 7.45744562149048 0 4
5856758347631 219 -0.63554507493973 7.68562507629395 0 4
5856758347631 220 -0.56189346313477 7.8990273475647 0 4
5856758347631 221 -0.46182632446289 8.14010047912598 0 4
5856758347632 222 3.860924243927 -5.04221773147583 0 4
5856758347632 223 3.78096747398376 -4.87074851989746 0 4
5856758347632 224 3.70101070404053 -4.69927930831909 0 4
5856758347632 225 3.64389872550964 -4.49571847915649 0 4
5856758347632 226 3.64389872550964 -4.30652523040771 0 4
5856758347632 227 3.64389872550964 -4.11733198165894 0 4
5856758347632 228 3.68958830833435 -3.93826746940613 0 4
5856758347632 229 3.78096747398376 -3.74230456352234 0 4
5856758347632 230 3.860924243927 -3.57083702087402 0 4
5856758347632 231 3.87234663963318 -3.38417601585388 0 4
5856758347632 232 3.87234663963318 -3.16795516014099 0 4
5856758347632 233 3.860924243927 -2.98129415512085 0 4
5856758347632 234 3.78096747398376 -2.80982661247253 0 4
5856758347632 235 3.70101070404053 -2.63835906982422 0 4
5856758347632 236 3.58178520202637 -2.46376299858093 0 4
5856758347632 237 3.43685364723206 -2.34215140342712 0 4
5856758347632 238 3.29192209243774 -2.22053980827332 0 4
5856758347632 239 3.12538123130798 -2.14043974876404 0 4
5856758347632 240 2.91652655601501 -2.08447813987732 0 4
5856758347632 241 2.73377871513367 -2.03551173210144 0 4
5856758347632 242 2.58344483375549 -1.92427802085876 0 4
5856758347632 243 2.41780877113342 -1.78529334068298 0 4
5856758347632 244 2.28215932846069 -1.65655946731567 0 4
5856758347632 245 2.20220255851746 -1.48509192466736 0 4
5856758347632 246 2.12224578857422 -1.31362438201904 0 4
5856758347632 247 2.00302028656006 -1.13902831077576 0 4
5856758347632 248 1.85808956623077 -1.01741671562195 0 4
5856758347632 249 1.71315884590149 -0.89580512046814 0 4
5856758347632 250 1.60535609722137 -0.74570417404175 0 4
5856758347632 251 1.51397693157196 -0.5497407913208 0 4
5856758347632 252 1.43402016162872 -0.37827283143997 0 4
5856758347632 253 1.29837143421173 -0.24953891336918 0 4
5856758347632 254 1.13273632526398 -0.11055435240269 0 4
5856758347632 255 0.99708759784698 0.01817950047553 0 4
5856758347632 256 0.91713082790375 0.18964743614197 0 4
5856758347632 257 0.83717405796051 0.3611153960228 0 4
5856758347632 258 0.71794873476028 0.53571176528931 0 4
5856758347632 259 0.57301759719849 0.65732336044312 0 4
5856758347632 260 0.42808657884598 0.77893495559692 0 4
5856758347632 261 0.3202837407589 0.92903590202332 0 4
5856758347632 262 0.22890457510948 1.12499892711639 0 4
5856758347632 263 0.14894780516624 1.29646646976471 0 4
5856758347632 264 0.13752540946007 1.48312819004059 0 4
5856758347632 265 0.13752540946007 1.67232227325439 0 4
5856758347632 266 0.12610301375389 1.88601171970367 0 4
5856758347632 267 0.04614619165659 2.05747938156128 0 4
5856758347632 268 -0.03381063044071 2.22894692420959 0 4
5856758347632 269 -0.09092266857624 2.4325065612793 0 4
5856758347632 270 -0.0909227207303 2.62169981002808 0 4
5856758347632 271 -0.09092277288437 2.81089305877686 0 4
5856758347632 272 -0.13661241531372 2.98995733261108 0 4
5856758347632 273 -0.22799158096313 3.18592023849487 0 4
5856758347632 274 -0.30794835090637 3.35738778114319 0 4
5856758347632 275 -0.31937074661255 3.54404878616333 0 4
5856758347632 276 -0.31937074661255 3.73324203491211 0 4
5856758347632 277 -0.31457397341728 3.9490339756012 0 4
5856758347632 278 -0.28099656105042 4.13522338867188 0 4
5856758347632 279 -0.24741913378239 4.32141256332397 0 4
5856758347632 280 -0.24411627650261 4.53280544281006 0 4
5856758347632 281 -0.29237213730812 4.71574020385742 0 4
5856758347632 282 -0.34062799811363 4.89867496490479 0 4
5856758347632 283 -0.34212198853493 5.08346939086914 0 4
5856758347632 284 -0.30374780297279 5.29625701904297 0 4
5856758347632 285 -0.27017039060593 5.48244619369507 0 4
5856758347632 286 -0.30673578381538 5.66584587097168 0 4
5856758347632 287 -0.3549916446209 5.84878063201904 0 4
5856758347632 288 -0.39845073223114 6.05831384658813 0 4
5856758347632 289 -0.36487331986427 6.24450302124023 0 4
5856758347632 290 -0.33129590749741 6.43069219589233 0 4
5856758347632 291 -0.31962302327156 6.64382743835449 0 4
5856758347632 292 -0.34834864735603 6.8308277130127 0 4
5856758347632 293 -0.37707427144051 7.0178279876709 0 4
5856758347632 294 -0.35910204052925 7.20175361633301 0 4
5856758347632 295 -0.29853561520576 7.4093189239502 0 4
5856758347632 296 -0.24553999304771 7.59093856811523 0 4
5856758347632 297 -0.14975428581238 7.75295734405518 0 4
5856758347632 298 -0.04683686047792 7.91170930862427 0 4
5856758347633 299 2.75937414169312 -5.56020975112915 0 4
5856758347633 300 2.68793892860413 -5.40701532363892 0 4
5856758347633 301 2.61650371551514 -5.25382089614868 0 4
5856758347633 302 2.56547856330872 -5.07195377349854 0 4
5856758347633 303 2.56547856330872 -4.90292119979858 0 4
5856758347633 304 2.56547856330872 -4.73388862609863 0 4
5856758347633 305 2.60629868507385 -4.57390642166138 0 4
5856758347633 306 2.68793892860413 -4.39882707595825 0 4
5856758347633 307 2.75937414169312 -4.24563264846802 0 4
5856758347633 308 2.7695791721344 -4.07886266708374 0 4
5856758347633 309 2.7695791721344 -3.90983104705811 0 4
5856758347633 310 2.77978420257568 -3.71891522407532 0 4
5856758347633 311 2.85121941566467 -3.56572079658508 0 4
5856758347633 312 2.92265462875366 -3.41252636909485 0 4
5856758347633 313 2.97367978096008 -3.23065996170044 0 4
5856758347633 314 2.97367978096008 -3.06162905693054 0 4
5856758347633 315 2.97367978096008 -2.89259815216064 0 4
5856758347633 316 2.93285965919495 -2.73261666297913 0 4
5856758347633 317 2.85121941566467 -2.557537317276 0 4
5856758347633 318 2.77978420257568 -2.40434288978577 0 4
5856758347633 319 2.65859150886536 -2.28932881355286 0 4
5856758347633 320 2.52910590171814 -2.18067812919617 0 4
5856758347633 321 2.38941526412964 -2.05014252662659 0 4
5856758347633 322 2.31798005104065 -1.89694809913635 0 4
5856758347633 323 2.24654483795166 -1.74375367164612 0 4
5856758347633 324 2.14002585411072 -1.58776450157166 0 4
5856758347633 325 2.0105402469635 -1.47911381721497 0 4
5856758347633 326 1.88105463981628 -1.37046313285828 0 4
5856758347633 327 1.73704934120178 -1.28523087501526 0 4
5856758347633 328 1.56002640724182 -1.20789551734924 0 4
5856758347633 329 1.40513134002686 -1.14022707939148 0 4
5856758347633 330 1.28718781471252 -1.02188348770142 0 4
5856758347633 331 1.17540287971497 -0.89509403705597 0 4
5856758347633 332 1.05679965019226 -0.74513989686966 0 4
5856758347633 333 1.00907158851624 -0.58298707008362 0 4
5856758347633 334 0.96134352684021 -0.42083424329758 0 4
5856758347633 335 0.87934422492981 -0.25067237019539 0 4
5856758347633 336 0.76755928993225 -0.12388271093369 0 4
5856758347633 337 0.65577435493469 0.00290693342686 0 4
5856758347633 338 0.58059334754944 0.1499040722847 0 4
5856758347633 339 0.52604699134827 0.3352215886116 0 4
5856758347633 340 0.47831904888153 0.49737441539764 0 4
5856758347633 341 0.41648581624031 0.6545712351799 0 4
5856758347633 342 0.35230168700218 0.81094205379486 0 4
5856758347633 343 0.28924822807312 0.99143368005753 0 4
5856758347633 344 0.29716292023659 1.16027927398682 0 4
5856758347633 345 0.30507761240005 1.32912492752075 0 4
5856758347633 346 0.28322347998619 1.51674520969391 0 4
5856758347633 347 0.21903941035271 1.67311644554138 0 4
5856758347633 348 0.15485538542271 1.82948768138886 0 4
5856758347633 349 0.13187062740326 1.99298715591431 0 4
5856758347633 350 0.14091598987579 2.18595361709595 0 4
5856758347633 351 0.14883068203926 2.35479927062988 0 4
5856758347633 352 0.19671037793159 2.51605463027954 0 4
5856758347633 353 0.2512509226799 2.67604494094849 0 4
5856758347633 354 0.30319380760193 2.86004233360291 0 4
5856758347633 355 0.28500956296921 3.02809190750122 0 4
5856758347633 356 0.26682531833649 3.19614148139954 0 4
5856758347633 357 0.26826703548431 3.38716673851013 0 4
5856758347633 358 0.30193811655045 3.552809715271 0 4
5856758347633 359 0.33560919761658 3.71845269203186 0 4
5856758347633 360 0.32747536897659 3.88335943222046 0 4
5856758347633 361 0.28234678506851 4.07119226455688 0 4
5856758347633 362 0.24285927414894 4.23554515838623 0 4
5856758347633 363 0.22308966517448 4.40321683883667 0 4
5856758347633 364 0.20660637319088 4.57144165039063 0 4
5856758347633 365 0.18956270813942 4.76380729675293 0 4
5856758347633 366 0.18564009666443 4.93279314041138 0 4
5856758347633 367 0.18171748518944 5.10177898406982 0 4
5856758347633 368 0.1670086234808 5.29394006729126 0 4
5856758347633 369 0.13922563195229 5.4606728553772 0 4
5856758347633 370 0.1114426702261 5.62740564346313 0 4
5856758347633 371 0.12541233003139 5.79192018508911 0 4
5856758347633 372 0.17716561257839 5.97803544998169 0 4
5856758347633 373 0.22244973480701 6.1408863067627 0 4
5856758347633 374 0.20510490238667 6.30706453323364 0 4
5856758347633 375 0.17732191085815 6.47379732131958 0 4
5856758347633 376 0.15600807964802 6.66379451751709 0 4
5856758347633 377 0.20129220187664 6.8266453742981 0 4
5856758347633 378 0.24657632410526 6.9894962310791 0 4
5856758347633 379 0.30548885464668 7.17321252822876 0 4
5856758347633 380 0.36747792363167 7.33046579360962 0 4
5856758347633 381 0.42946699261665 7.48771905899048 0 4
5856758347633 382 0.45696869492531 7.65169763565063 0 4
5856758347633 383 0.4588386118412 7.84486627578735 0 4
5856758347633 384 0.46047478914261 8.01388931274414 0 4
5856758347634 385 7.07528305053711 -7.82953596115112 0 4
5856758347634 386 6.99851560592651 -7.66490602493286 0 4
5856758347634 387 6.90186929702759 -7.4835958480835 0 4
5856758347634 388 6.76271724700928 -7.36683416366577 0 4
5856758347634 389 6.62356519699097 -7.25007247924805 0 4
5856758347634 390 6.47403907775879 -7.15323877334595 0 4
5856758347634 391 6.27351188659668 -7.09950876235962 0 4
5856758347634 392 6.09805059432983 -7.05249500274658 0 4
5856758347634 393 5.94333744049072 -6.96562528610229 0 4
5856758347634 394 5.78430652618408 -6.83218336105347 0 4
5856758347634 395 5.64515447616577 -6.71542167663574 0 4
5856758347634 396 5.55947494506836 -6.55763006210327 0 4
5856758347634 397 5.48270750045776 -6.39300012588501 0 4
5856758347634 398 5.38606119155884 -6.21168994903564 0 4
5856758347634 399 5.24690914154053 -6.09492826461792 0 4
5856758347634 400 5.10775709152222 -5.9781665802002 0 4
5856758347634 401 4.98642921447754 -5.84772825241089 0 4
5856758347634 402 4.89869499206543 -5.65957975387573 0 4
5856758347634 403 4.82192754745483 -5.49494981765747 0 4
5856758347634 404 4.70951175689697 -5.35767316818237 0 4
5856758347634 405 4.55048084259033 -5.22423124313354 0 4
5856758347634 406 4.41132879257202 -5.10746955871582 0 4
5856758347634 407 4.32564926147461 -4.94967794418335 0 4
5856758347634 408 4.24888181686401 -4.78504800796509 0 4
5856758347634 409 4.17211437225342 -4.59446811676025 0 4
5856758347634 410 4.17211437225342 -4.41281843185425 0 4
5856758347634 411 4.17211437225342 -4.23116874694824 0 4
5856758347634 412 4.15018081665039 -4.05438184738159 0 4
5856758347634 413 4.06244659423828 -3.86623191833496 0 4
5856758347634 414 3.98567867279053 -3.70160031318665 0 4
5856758347634 415 3.95277762413025 -3.52724409103394 0 4
5856758347634 416 3.95277762413025 -3.31964445114136 0 4
5856758347634 417 3.95277762413025 -3.13799476623535 0 4
5856758347634 418 3.88697552680969 -2.97093200683594 0 4
5856758347634 419 3.81020641326904 -2.80630040168762 0 4
5856758347634 420 3.71355843544006 -2.62498831748962 0 4
5856758347634 421 3.57440638542175 -2.50822496414185 0 4
5856758347634 422 3.43525433540344 -2.39146161079407 0 4
5856758347634 423 3.28572821617126 -2.29462671279907 0 4
5856758347634 424 3.08520102500916 -2.24089670181274 0 4
5856758347634 425 2.90973973274231 -2.19388294219971 0 4
5856758347634 426 2.7550265789032 -2.1070122718811 0 4
5856758347634 427 2.59599566459656 -1.97356867790222 0 4
5856758347634 428 2.45684361457825 -1.85680615901947 0 4
5856758347634 429 2.37116265296936 -1.69901299476624 0 4
5856758347634 430 2.29439353942871 -1.53438138961792 0 4
5856758347634 431 2.19774556159973 -1.35306942462921 0 4
5856758347634 432 2.05859351158142 -1.23630690574646 0 4
5856758347634 433 1.91944146156311 -1.11954438686371 0 4
5856758347634 434 1.77042603492737 -1.02093148231506 0 4
5856758347634 435 1.571941614151 -0.96008741855621 0 4
5856758347634 436 1.39826774597168 -0.90684896707535 0 4
5856758347634 437 1.24674916267395 -0.81451916694641 0 4
5856758347634 438 1.09257531166077 -0.67549252510071 0 4
5856758347634 439 0.95767319202423 -0.55384421348572 0 4
5856758347634 440 0.87767088413239 -0.39309772849083 0 4
5856758347634 441 0.80681854486465 -0.2258348762989 0 4
5856758347634 442 0.71669447422028 -0.04119379073381 0 4
5856758347634 443 0.58179235458374 0.0804543569684 0 4
5856758347634 444 0.44689014554024 0.20210248231888 0 4
5856758347634 445 0.33028781414032 0.33678337931633 0 4
5856758347634 446 0.24931372702122 0.527940928936 0 4
5856758347634 447 0.17846149206161 0.695203602314 0 4
5856758347634 448 0.15179590880871 0.87062186002731 0 4
5856758347634 449 0.15919522941113 1.07809054851532 0 4
5856758347634 450 0.16566963493824 1.25962591171265 0 4
5856758347634 451 0.10586406290531 1.42892754077911 0 4
5856758347634 452 0.03501182794571 1.5961902141571 0 4
5856758347634 453 -0.03491550311446 1.789386510849 0 4
5856758347634 454 -0.02844114974141 1.97092187404633 0 4
5856758347634 455 -0.02196679636836 2.15245652198792 0 4
5856758347634 456 -0.00847182795405 2.33326053619385 0 4
5856758347634 457 0.0270098913461 2.53780651092529 0 4
5856758347634 458 0.0580563955009 2.71678423881531 0 4
5856758347634 459 0.04421829804778 2.89367723464966 0 4
5856758347634 460 -0.0100691691041 3.09405374526978 0 4
5856758347634 461 -0.05757069960237 3.26938319206238 0 4
5856758347634 462 -0.03774536401033 3.44783973693848 0 4
5856758347634 463 -0.00669887335971 3.62681746482849 0 4
5856758347634 464 0.01756168529391 3.83084225654602 0 4
5856758347634 465 -0.02993984892964 4.00617170333862 0 4
5856758347634 466 -0.07744138687849 4.18150281906128 0 4
5856758347634 467 -0.10250064730644 4.35787534713745 0 4
5856758347634 468 -0.06701895594597 4.56241941452026 0 4
5856758347634 469 -0.03597247600555 4.74139547348022 0 4
5856758347634 470 -0.04981056973338 4.91828870773315 0 4
5856758347634 471 -0.104098059237 5.1186671257019 0 4
5856758347634 472 -0.15159958600998 5.29399824142456 0 4
5856758347634 473 -0.13177424669266 5.47245359420776 0 4
5856758347634 474 -0.10072776675224 5.65142965316772 0 4
5856758347634 475 -0.06747822463512 5.85626220703125 0 4
5856758347634 476 -0.05205678939819 6.0372576713562 0 4
5856758347634 477 -0.03663535416126 6.21825313568115 0 4
5856758347634 478 -0.0324337631464 6.39898633956909 0 4
5856758347634 479 -0.05968864262104 6.60478925704956 0 4
5856758347634 480 -0.08353666216135 6.78486680984497 0 4
5856758347634 481 -0.06261971592903 6.96106290817261 0 4
5856758347634 482 -0.00034466572106 7.15910291671753 0 4
5856758347634 483 0.05414600297809 7.33238792419434 0 4
5856758347634 484 0.15013214945793 7.48545122146606 0 4
5856758347634 485 0.25303420424461 7.63514423370361 0 4
5856758347634 486 0.36022168397903 7.81043100357056 0 4
5856758347634 487 0.3902196586132 7.98958730697632 0 4
5856758347634 488 0.42021763324738 8.16874408721924 0 4
5856758347635 489 -6.83112525939941 -8.94351863861084 0 4
5856758347635 490 -6.92630195617676 -8.73941707611084 0 4
5856758347635 491 -7.00958156585693 -8.56082820892334 0 4
5856758347635 492 -7.04527282714844 -8.37168788909912 0 4
5856758347635 493 -7.04527282714844 -8.14648342132568 0 4
5856758347635 494 -7.04527282714844 -7.94942951202393 0 4
5856758347635 495 -6.97389030456543 -7.7681999206543 0 4
5856758347635 496 -6.89061069488525 -7.58960771560669 0 4
5856758347635 497 -6.7857666015625 -7.39292049407959 0 4
5856758347635 498 -6.63481521606445 -7.26625537872314 0 4
5856758347635 499 -6.48386383056641 -7.1395902633667 0 4
5856758347635 500 -6.35224723815918 -6.99808883666992 0 4
5856758347635 501 -6.25707054138184 -6.79398345947266 0 4
5856758347635 502 -6.17379093170166 -6.61539125442505 0 4
5856758347635 503 -6.05184173583984 -6.46647167205811 0 4
5856758347635 504 -5.87932586669922 -6.32171154022217 0 4
5856758347635 505 -5.72837448120117 -6.19504642486572 0 4
5856758347635 506 -5.63542747497559 -6.02387237548828 0 4
5856758347635 507 -5.55214786529541 -5.84528017044067 0 4
5856758347635 508 -5.46174764633179 -5.63945293426514 0 4
5856758347635 509 -5.41190338134766 -5.44880771636963 0 4
5856758347635 510 -5.36205911636353 -5.25816249847412 0 4
5856758347635 511 -5.29052829742432 -5.07863903045654 0 4
5856758347635 512 -5.14681720733643 -4.90524578094482 0 4
5856758347635 513 -5.02107000350952 -4.75352668762207 0 4
5856758347635 514 -4.93869590759277 -4.57956409454346 0 4
5856758347635 515 -4.88885164260864 -4.38891887664795 0 4
5856758347635 516 -4.83188676834106 -4.17103862762451 0 4
5856758347635 517 -4.7169828414917 -4.01375865936279 0 4
5856758347635 518 -4.59123563766479 -3.86203956604004 0 4
5856758347635 519 -4.45836782455444 -3.68308520317078 0 4
5856758347635 520 -4.40852355957031 -3.49243831634521 0 4
5856758347635 521 -4.35867929458618 -3.30179142951965 0 4
5856758347635 522 -4.29420185089111 -3.11728143692017 0 4
5856758347635 523 -4.17870426177979 -2.92394685745239 0 4
5856758347635 524 -4.07764387130737 -2.75477910041809 0 4
5856758347635 525 -4.02115058898926 -2.57044982910156 0 4
5856758347635 526 -3.99808263778687 -2.37474942207336 0 4
5856758347635 527 -3.97171926498413 -2.15109181404114 0 4
5856758347635 528 -3.87961339950562 -1.97946405410767 0 4
5856758347635 529 -3.77600121498108 -1.81184840202332 0 4
5856758347635 530 -3.6690936088562 -1.61627566814423 0 4
5856758347635 531 -3.64602565765381 -1.42057609558105 0 4
5856758347635 532 -3.62295770645142 -1.22487652301788 0 4
5856758347635 533 -3.57687711715698 -1.03720092773438 0 4
5856758347635 534 -3.45846319198608 -0.84564018249512 0 4
5856758347635 535 -3.35485100746155 -0.67802453041077 0 4
5856758347635 536 -3.21630764007568 -0.54440474510193 0 4
5856758347635 537 -3.05156588554382 -0.43628185987473 0 4
5856758347635 538 -2.86328959465027 -0.31271284818649 0 4
5856758347635 539 -2.7509446144104 -0.15359616279602 0 4
5856758347635 540 -2.64733242988586 0.01401944831014 0 4
5856758347635 541 -2.52018570899963 0.1970811933279 0 4
5856758347635 542 -2.35544395446777 0.30520409345627 0 4
5856758347635 543 -2.19070219993591 0.41332697868347 0 4
5856758347635 544 -2.04342603683472 0.53844779729843 0 4
5856758347635 545 -1.92501211166382 0.73000854253769 0 4
5856758347635 546 -1.82139992713928 0.89762419462204 0 4
5856758347635 547 -1.68285655975342 1.03124403953552 0 4
5856758347635 548 -1.51811480522156 1.13936734199524 0 4
5856758347635 549 -1.329838514328 1.26293683052063 0 4
5856758347635 550 -1.21749353408813 1.42205357551575 0 4
5856758347635 551 -1.1138813495636 1.5896692276001 0 4
5856758347635 552 -1.00697386264801 1.78524196147919 0 4
5856758347635 553 -0.98390674591064 1.98094153404236 0 4
5856758347635 554 -0.96083962917328 2.17664194107056 0 4
5856758347635 555 -0.91475963592529 2.36431813240051 0 4
5856758347635 556 -0.79634571075439 2.55587887763977 0 4
5856758347635 557 -0.69273352622986 2.72349452972412 0 4
5856758347635 558 -0.63514709472656 2.90715861320496 0 4
5856758347635 559 -0.6120799779892 3.10285902023315 0 4
5856758347635 560 -0.58571755886078 3.32651662826538 0 4
5856758347635 561 -0.63539373874664 3.51485562324524 0 4
5856758347635 562 -0.69719380140305 3.70196771621704 0 4
5856758347635 563 -0.7556985616684 3.91703701019287 0 4
5856758347635 564 -0.73263144493103 4.11273622512817 0 4
5856758347635 565 -0.70956432819366 4.30843496322632 0 4
5856758347635 566 -0.71074497699738 4.50168085098267 0 4
5856758347635 567 -0.78137362003326 4.71552515029907 0 4
5856758347635 568 -0.84317368268967 4.90263891220093 0 4
5856758347635 569 -0.85647821426392 5.09465837478638 0 4
5856758347635 570 -0.83341109752655 5.29035711288452 0 4
5856758347635 571 -0.80704867839813 5.51401281356812 0 4
5856758347635 572 -0.73151683807373 5.69464826583862 0 4
5856758347635 573 -0.64724087715149 5.87277317047119 0 4
5856758347635 574 -0.56280755996704 6.07904815673828 0 4
5856758347635 575 -0.56170606613159 6.27609872817993 0 4
5856758347635 576 -0.56060457229614 6.47314929962158 0 4
5856758347635 577 -0.54472637176514 6.66814088821411 0 4
5856758347635 578 -0.48436060547829 6.8851056098938 0 4
5856758347635 579 -0.43154042959213 7.07494974136353 0 4
5856758347635 580 -0.36489054560661 7.25995683670044 0 4
5856758347635 581 -0.28786838054657 7.44133615493774 0 4
5856758347635 582 -0.19984304904938 7.64862680435181 0 4
5856758347635 583 -0.16205775737762 7.84130430221558 0 4
5856758347635 584 -0.13081194460392 8.03586578369141 0 4
5856758347636 585 3.79345870018005 -6.04262828826904 0 4
5856758347636 586 3.71945667266846 -5.88392972946167 0 4
5856758347636 587 3.64545464515686 -5.7252311706543 0 4
5856758347636 588 3.59259605407715 -5.56184530258179 0 4
5856758347636 589 3.59259605407715 -5.3617262840271 0 4
5856758347636 590 3.59259605407715 -5.18662214279175 0 4
5856758347636 591 3.597412109375 -5.011634349823 0 4
5856758347636 592 3.60584020614624 -4.8367338180542 0 4
5856758347636 593 3.61547231674194 -4.63684749603271 0 4
5856758347636 594 3.55986642837524 -4.47293901443481 0 4
5856758347636 595 3.49358820915222 -4.31086254119873 0 4
5856758347636 596 3.42851400375366 -4.12380027770996 0 4
5856758347636 597 3.4369421005249 -3.94889903068542 0 4
5856758347636 598 3.44537019729614 -3.77399682998657 0 4
5856758347636 599 3.46521806716919 -3.60098576545715 0 4
5856758347636 600 3.52052927017212 -3.40866208076477 0 4
5856758347636 601 3.56892657279968 -3.24037885665894 0 4
5856758347636 602 3.57409286499023 -3.06941771507263 0 4
5856758347636 603 3.54683589935303 -2.89644813537598 0 4
5856758347636 604 3.51568508148193 -2.69876861572266 0 4
5856758347636 605 3.42795896530151 -2.54956269264221 0 4
5856758347636 606 3.33015465736389 -2.4043173789978 0 4
5856758347636 607 3.21091842651367 -2.24617171287537 0 4
5856758347636 608 3.06089496612549 -2.15586924552917 0 4
5856758347636 609 2.9108715057373 -2.06556677818298 0 4
5856758347636 610 2.77576780319214 -1.95956659317017 0 4
5856758347636 611 2.66399145126343 -1.79357290267944 0 4
5856758347636 612 2.56618714332581 -1.64832842350006 0 4
5856758347636 613 2.43854331970215 -1.53447937965393 0 4
5856758347636 614 2.28851985931396 -1.44417691230774 0 4
5856758347636 615 2.11706447601318 -1.34097409248352 0 4
5856758347636 616 2.01180028915405 -1.20357847213745 0 4
5856758347636 617 1.91399598121643 -1.05833399295807 0 4
5856758347636 618 1.79475975036621 -0.90018880367279 0 4
5856758347636 619 1.64473628997803 -0.8098863363266 0 4
5856758347636 620 1.49471282958984 -0.71958386898041 0 4
5856758347636 621 1.35960912704468 -0.6135835647583 0 4
5856758347636 622 1.24783277511597 -0.44758948683739 0 4
5856758347636 623 1.15002846717834 -0.30234479904175 0 4
5856758347636 624 1.02238464355469 -0.18849554657936 0 4
5856758347636 625 0.8723611831665 -0.09819287061691 0 4
5856758347636 626 0.70090579986572 0.00501018762589 0 4
5856758347636 627 0.59564197063446 0.14240606129169 0 4
5856758347636 628 0.49783805012703 0.28765076398849 0 4
5856758347636 629 0.39614003896713 0.45760548114777 0 4
5856758347636 630 0.36888265609741 0.63057553768158 0 4
5856758347636 631 0.34162527322769 0.80354553461075 0 4
5856758347636 632 0.2942116856575 0.96859407424927 0 4
5856758347636 633 0.18243564665318 1.13458788394928 0 4
5856758347636 634 0.08463165163994 1.27983236312866 0 4
5856758347636 635 0.02713995054364 1.4409202337265 0 4
5856758347636 636 -0.00011752406135 1.61389064788818 0 4
5856758347636 637 -0.03126892447472 1.81157112121582 0 4
5856758347636 638 0.0059315986 1.98063552379608 0 4
5856758347636 639 0.0538751296699 2.14904880523682 0 4
5856758347636 640 0.10181864351034 2.31746220588684 0 4
5856758347636 641 0.07013525813818 2.51505780220032 0 4
5856758347636 642 0.04241229593754 2.68795394897461 0 4
5856758347636 643 -0.00544542632997 2.8528745174408 0 4
5856758347636 644 -0.11766785383224 3.01856780052185 0 4
5856758347636 645 -0.21586248278618 3.16354942321777 0 4
5856758347636 646 -0.27378761768341 3.32448220252991 0 4
5856758347636 647 -0.30151063203812 3.4973783493042 0 4
5856758347636 648 -0.33319407701492 3.69497394561768 0 4
5856758347636 649 -0.31971424818039 3.8687469959259 0 4
5856758347636 650 -0.29936727881432 4.04266595840454 0 4
5856758347636 651 -0.27902030944824 4.21658515930176 0 4
5856758347636 652 -0.34194660186768 4.40655326843262 0 4
5856758347636 653 -0.39700710773468 4.57277536392212 0 4
5856758347636 654 -0.43052262067795 4.74119663238525 0 4
5856758347636 655 -0.40726894140244 4.93996143341064 0 4
5856758347636 656 -0.38692197203636 5.11388063430786 0 4
5856758347636 657 -0.34585249423981 5.28310394287109 0 4
5856758347636 658 -0.28924113512039 5.44880533218384 0 4
5856758347636 659 -0.22454237937927 5.63817834854126 0 4
5856758347636 660 -0.23250143229961 5.81107807159424 0 4
5856758347636 661 -0.25122222304344 5.98517751693726 0 4
5856758347636 662 -0.26994302868843 6.15927696228027 0 4
5856758347636 663 -0.21018293499947 6.35026359558105 0 4
5856758347636 664 -0.15789285302162 6.51737689971924 0 4
5856758347636 665 -0.12718133628368 6.68633079528809 0 4
5856758347636 666 -0.1537354439497 6.88467979431152 0 4
5856758347636 667 -0.17697028815746 7.05823516845703 0 4
5856758347636 668 -0.15704803168774 7.22810935974121 0 4
5856758347636 669 -0.10475794970989 7.39522266387939 0 4
5856758347636 670 -0.04499785602093 7.58620929718018 0 4
5856758347636 671 0.0535290800035 7.72939586639404 0 4
5856758347636 672 0.15976214408875 7.86859464645386 0 4
5856758347637 673 -0.97414010763168 -7.03196144104004 0 4
5856758347637 674 -1.0692435503006 -6.82801246643066 0 4
5856758347637 675 -1.15245890617371 -6.64955711364746 0 4
5856758347637 676 -1.25499498844147 -6.48592662811279 0 4
5856758347637 677 -1.42738115787506 -6.34127712249756 0 4
5856758347637 678 -1.57821905612946 -6.21470880508423 0 4
5856758347637 679 -1.72304928302765 -6.0815315246582 0 4
5856758347637 680 -1.86337375640869 -5.94339752197266 0 4
5856758347637 681 -2.0237443447113 -5.78553009033203 0 4
5856758347637 682 -2.19741177558899 -5.69589900970459 0 4
5856758347637 683 -2.37663650512695 -5.61435174942017 0 4
5856758347637 684 -2.55586123466492 -5.53280448913574 0 4
5856758347637 685 -2.70211291313171 -5.36177635192871 0 4
5856758347637 686 -2.83008313179016 -5.21212673187256 0 4
5856758347637 687 -2.93655753135681 -5.0510311126709 0 4
5856758347637 688 -2.99682593345642 -4.83421897888184 0 4
5856758347637 689 -3.04956078529358 -4.64450836181641 0 4
5856758347637 690 -3.14528727531433 -4.47768974304199 0 4
5856758347637 691 -3.27325749397278 -4.32804012298584 0 4
5856758347637 692 -3.41950917243958 -4.15701198577881 0 4
5856758347637 693 -3.48299193382263 -3.97302412986755 0 4
5856758347637 694 -3.53572678565979 -3.78331184387207 0 4
5856758347637 695 -3.58846163749695 -3.59359955787659 0 4
5856758347637 696 -3.55145335197449 -3.3716299533844 0 4
5856758347637 697 -3.51907110214233 -3.17740654945374 0 4
5856758347637 698 -3.50106883049011 -2.98265099525452 0 4
5856758347637 699 -3.52158045768738 -2.75855278968811 0 4
5856758347637 700 -3.53952813148499 -2.5624668598175 0 4
5856758347637 701 -3.50916075706482 -2.37254548072815 0 4
5856758347637 702 -3.44255709648132 -2.18724751472473 0 4
5856758347637 703 -3.36643862724304 -1.97547841072083 0 4
5856758347637 704 -3.28034567832947 -1.79860472679138 0 4
5856758347637 705 -3.19100451469421 -1.62313508987427 0 4
5856758347637 706 -3.10166335105896 -1.44766545295715 0 4
5856758347637 707 -2.98513007164001 -1.25515580177307 0 4
5856758347637 708 -2.88316345214844 -1.086709856987 0 4
5856758347637 709 -2.78563141822815 -0.91584420204163 0 4
5856758347637 710 -2.68683648109436 -0.7136561870575 0 4
5856758347637 711 -2.60039091110229 -0.53674167394638 0 4
5856758347637 712 -2.47584986686707 -0.39017510414124 0 4
5856758347637 713 -2.32273721694946 -0.26636949181557 0 4
5856758347637 714 -2.14775133132935 -0.12487735599279 0 4
5856758347637 715 -2.05178189277649 0.04445017129183 0 4
5856758347637 716 -1.96533632278442 0.22136467695236 0 4
5856758347637 717 -1.87889075279236 0.39827919006348 0 4
5856758347637 718 -1.70390391349792 0.53977137804031 0 4
5856758347637 719 -1.5507904291153 0.66357719898224 0 4
5856758347637 720 -1.41672492027283 0.8025569319725 0 4
5856758347637 721 -1.31792998313904 1.00474488735199 0 4
5856758347637 722 -1.23148441314697 1.18165898323059 0 4
5856758347637 723 -1.19239115715027 1.36997759342194 0 4
5856758347637 724 -1.18881213665009 1.56684958934784 0 4
5856758347637 725 -1.18472182750702 1.7918461561203 0 4
5856758347637 726 -1.11011433601379 1.97161138057709 0 4
5856758347637 727 -1.02366876602173 2.14852619171143 0 4
5856758347637 728 -0.93722355365753 2.32544112205505 0 4
5856758347637 729 -0.93313372135162 2.55043768882751 0 4
5856758347637 730 -0.92955511808395 2.74730968475342 0 4
5856758347637 731 -0.9365109205246 2.9433810710907 0 4
5856758347637 732 -0.97455871105194 3.16517519950867 0 4
5856758347637 733 -1.00785052776337 3.35924506187439 0 4
5856758347637 734 -0.99249267578125 3.55096507072449 0 4
5856758347637 735 -0.94064778089523 3.74092268943787 0 4
5856758347637 736 -0.88139647245407 3.95801711082459 0 4
5856758347637 737 -0.90252590179443 4.15149974822998 0 4
5856758347637 738 -0.93581771850586 4.3455696105957 0 4
5856758347637 739 -0.96910953521729 4.53963947296143 0 4
5856758347637 740 -0.96988105773926 4.76467227935791 0 4
5856758347637 741 -0.97055613994598 4.96157598495483 0 4
5856758347637 742 -0.97241234779358 5.15846347808838 0 4
5856758347637 743 -0.97790837287903 5.38343143463135 0 4
5856758347637 744 -0.9827173948288 5.58027839660645 0 4
5856758347637 745 -0.981205701828 5.77710247039795 0 4
5856758347637 746 -0.97495347261429 5.97390937805176 0 4
5856758347637 747 -0.96780806779861 6.19883155822754 0 4
5856758347637 748 -0.91341018676758 6.38701820373535 0 4
5856758347637 749 -0.85098803043365 6.5737681388855 0 4
5856758347637 750 -0.78856587409973 6.76051807403564 0 4
5856758347637 751 -0.81410813331604 6.98409748077393 0 4
5856758347637 752 -0.83645761013031 7.17972946166992 0 4
5856758347637 753 -0.83458662033081 7.37282371520996 0 4
5856758347637 754 -0.76324701309204 7.58625221252441 0 4
5856758347637 755 -0.70082485675812 7.77300214767456 0 4
5856758347638 756 0.24209703505039 -8.27377605438232 0 4
5856758347638 757 0.16799560189247 -8.11486721038818 0 4
5856758347638 758 0.08330824971199 -7.93325567245483 0 4
5856758347638 759 -0.01866864785552 -7.79124355316162 0 4
5856758347638 760 -0.12529146671295 -7.65204811096191 0 4
5856758347638 761 -0.23191429674625 -7.51285266876221 0 4
5856758347638 762 -0.32508781552315 -7.33544254302979 0 4
5856758347638 763 -0.40661463141441 -7.18020868301392 0 4
5856758347638 764 -0.50470304489136 -7.03897476196289 0 4
5856758347638 765 -0.64419555664063 -6.93274068832397 0 4
5856758347638 766 -0.80361557006836 -6.81133031845093 0 4
5856758347638 767 -0.96129488945007 -6.74447154998779 0 4
5856758347638 768 -1.1326140165329 -6.70714426040649 0 4
5856758347638 769 -1.32840716838837 -6.66448450088501 0 4
5856758347638 770 -1.4724463224411 -6.56809425354004 0 4
5856758347638 771 -1.61193883419037 -6.46186017990112 0 4
5856758347638 772 -1.75143134593964 -6.35562610626221 0 4
5856758347638 773 -1.89458549022675 -6.21540546417236 0 4
5856758347638 774 -2.01984548568726 -6.09271240234375 0 4
5856758347638 775 -2.14053583145142 -5.96589469909668 0 4
5856758347638 776 -2.24980235099792 -5.82876539230347 0 4
5856758347638 777 -2.37467837333679 -5.67204618453979 0 4
5856758347638 778 -2.50253486633301 -5.55434322357178 0 4
5856758347638 779 -2.6443338394165 -5.45121002197266 0 4
5856758347638 780 -2.80638980865479 -5.33334350585938 0 4
5856758347638 781 -2.89944267272949 -5.18712615966797 0 4
5856758347638 782 -2.98437118530273 -5.03372812271118 0 4
5856758347638 783 -3.06929969787598 -4.88033008575439 0 4
5856758347638 784 -3.08317565917969 -4.68042469024658 0 4
5856758347638 785 -3.09531712532043 -4.50550746917725 0 4
5856758347638 786 -3.12825489044189 -4.33673858642578 0 4
5856758347638 787 -3.21318340301514 -4.18334054946899 0 4
5856758347638 788 -3.3102445602417 -4.00802850723267 0 4
5856758347638 789 -3.35358047485352 -3.84233379364014 0 4
5856758347638 790 -3.36572194099426 -3.6674165725708 0 4
5856758347638 791 -3.37959790229797 -3.46751117706299 0 4
5856758347638 792 -3.32740211486816 -3.30224275588989 0 4
5856758347638 793 -3.26448345184326 -3.13858246803284 0 4
5856758347638 794 -3.20156478881836 -2.97492218017578 0 4
5856758347638 795 -3.21544075012207 -2.77501678466797 0 4
5856758347638 796 -3.22758221626282 -2.60009956359863 0 4
5856758347638 797 -3.21827793121338 -2.42839860916138 0 4
5856758347638 798 -3.15535926818848 -2.26473832130432 0 4
5856758347638 799 -3.08345222473145 -2.07769799232483 0 4
5856758347638 800 -3.012770652771 -1.91740465164185 0 4
5856758347638 801 -2.93626689910889 -1.75963652133942 0 4
5856758347638 802 -2.84883403778076 -1.57933008670807 0 4
5856758347638 803 -2.83562469482422 -1.40651869773865 0 4
5856758347638 804 -2.8329644203186 -1.23120009899139 0 4
5856758347638 805 -2.83030414581299 -1.05588150024414 0 4
5856758347638 806 -2.74287128448486 -0.87557506561279 0 4
5856758347638 807 -2.66636753082275 -0.71780693531036 0 4
5856758347638 808 -2.5728611946106 -0.57349991798401 0 4
5856758347638 809 -2.43684840202332 -0.46284568309784 0 4
5856758347638 810 -2.281405210495 -0.33638370037079 0 4
5856758347638 811 -2.17939758300781 -0.19880723953247 0 4
5856758347638 812 -2.1028938293457 -0.04103913903236 0 4
5856758347638 813 -2.01546096801758 0.13926723599434 0 4
5856758347638 814 -1.88795018196106 0.25665202736855 0 4
5856758347638 815 -1.75193822383881 0.36730626225471 0 4
5856758347638 816 -1.61592626571655 0.47796049714088 0 4
5856758347638 817 -1.52849245071411 0.65826690196991 0 4
5856758347638 818 -1.45198786258698 0.81603503227234 0 4
5856758347638 819 -1.38774132728577 0.97789490222931 0 4
5856758347638 820 -1.35413992404938 1.14998412132263 0 4
5856758347638 821 -1.31573832035065 1.34665751457214 0 4
5856758347638 822 -1.24237680435181 1.50141847133636 0 4
5856758347638 823 -1.13919520378113 1.64318323135376 0 4
5856758347638 824 -1.0212733745575 1.80520009994507 0 4
5856758347638 825 -0.97773194313049 1.97295725345612 0 4
5856758347638 826 -0.9441305398941 2.1450457572937 0 4
5856758347638 827 -0.91052913665771 2.317134141922 0 4
5856758347638 828 -0.79260778427124 2.47915196418762 0 4
5856758347638 829 -0.68942660093307 2.62091755867004 0 4
5856758347638 830 -0.60612535476685 2.77134680747986 0 4
5856758347638 831 -0.57252395153046 2.94343519210815 0 4
5856758347638 832 -0.53412234783173 3.14010763168335 0 4
5856758347638 833 -0.54387879371643 3.31109738349915 0 4
5856758347638 834 -0.58615362644196 3.48126316070557 0 4
5856758347638 835 -0.63446772098541 3.67573833465576 0 4
5856758347638 836 -0.6117057800293 3.84755206108093 0 4
5856758347638 837 -0.57810437679291 4.01964044570923 0 4
5856758347638 838 -0.54450297355652 4.19173049926758 0 4
5856758347638 839 -0.59281706809998 4.38620758056641 0 4
5856758347638 840 -0.6350919008255 4.55637502670288 0 4
5856758347638 841 -0.65568780899048 4.72709178924561 0 4
5856758347638 842 -0.62208640575409 4.89918184280396 0 4
5856758347638 843 -0.58368480205536 5.09585618972778 0 4
5856758347638 844 -0.59344124794006 5.26684761047363 0 4
5856758347638 845 -0.63571608066559 5.43701505661011 0 4
5856758347638 846 -0.68403017520905 5.63149213790894 0 4
5856758347638 847 -0.66126823425293 5.80330753326416 0 4
5856758347638 848 -0.62766683101654 5.97539758682251 0 4
5856758347638 849 -0.59406542778015 6.14748764038086 0 4
5856758347638 850 -0.5446469783783 6.3416862487793 0 4
5856758347638 851 -0.50140583515167 6.51161003112793 0 4
5856758347638 852 -0.46119558811188 6.68220615386963 0 4
5856758347638 853 -0.42856258153915 6.85448312759399 0 4
5856758347638 854 -0.39126771688461 7.0513710975647 0 4
5856758347638 855 -0.37103283405304 7.2252025604248 0 4
5856758347638 856 -0.36009654402733 7.40019989013672 0 4
5856758347638 857 -0.34759792685509 7.60019683837891 0 4
5856758347638 858 -0.31142455339432 7.77144622802734 0 4
5856758347638 859 -0.27104499936104 7.94207096099854 0 4
5856758347639 860 4.33893346786499 -5.32989931106567 0 4
5856758347639 861 4.24958562850952 -5.13829469680786 0 4
5856758347639 862 4.17140626907349 -4.97064065933228 0 4
5856758347639 863 4.11556386947632 -4.79803419113159 0 4
5856758347639 864 4.11556386947632 -4.61304664611816 0 4
5856758347639 865 4.11556386947632 -4.40163230895996 0 4
5856758347639 866 4.07088994979858 -4.22654962539673 0 4
5856758347639 867 3.99271059036255 -4.05889558792114 0 4
5856758347639 868 3.90336275100708 -3.86729097366333 0 4
5856758347639 869 3.89219427108765 -3.68478107452393 0 4
5856758347639 870 3.89219427108765 -3.49979519844055 0 4
5856758347639 871 3.89219427108765 -3.31480932235718 0 4
5856758347639 872 3.80284643173218 -3.12320470809937 0 4
5856758347639 873 3.72466707229614 -2.95555067062378 0 4
5856758347639 874 3.62833690643311 -2.80182456970215 0 4
5856758347639 875 3.48662972450256 -2.68291831016541 0 4
5856758347639 876 3.32467865943909 -2.54702544212341 0 4
5856758347639 877 3.16184282302856 -2.4687066078186 0 4
5856758347639 878 2.98316049575806 -2.42082834243774 0 4
5856758347639 879 2.77895212173462 -2.36611032485962 0 4
5856758347639 880 2.63196277618408 -2.25735092163086 0 4
5856758347639 881 2.49025559425354 -2.13844466209412 0 4
5856758347639 882 2.348548412323 -2.01953840255737 0 4
5856758347639 883 2.25920057296753 -1.82793283462524 0 4
5856758347639 884 2.18102121353149 -1.66027796268463 0 4
5856758347639 885 2.08469104766846 -1.50655102729797 0 4
5856758347639 886 1.94298350811005 -1.3876439332962 0 4
5856758347639 887 1.78103148937225 -1.2517501115799 0 4
5856758347639 888 1.62243103981018 -1.16084480285645 0 4
5856758347639 889 1.45116126537323 -1.09094083309174 0 4
5856758347639 890 1.27989149093628 -1.02103686332703 0 4
5856758347639 891 1.12323117256165 -0.88471865653992 0 4
5856758347639 892 0.99755072593689 -0.74898207187653 0 4
5856758347639 893 0.87187027931213 -0.61324548721313 0 4
5856758347639 894 0.80725264549255 -0.411949634552 0 4
5856758347639 895 0.75071221590042 -0.23581577837467 0 4
5856758347639 896 0.67441749572754 -0.07122409343719 0 4
5856758347639 897 0.54873704910278 0.06451235711575 0 4
5856758347639 898 0.40510243177414 0.21963976323605 0 4
5856758347639 899 0.31893068552017 0.3784604370594 0 4
5856758347639 900 0.26239025592804 0.55459427833557 0 4
5856758347639 901 0.20584991574287 0.73072814941406 0 4
5856758347639 902 0.20957642793655 0.93836045265198 0 4
5856758347639 903 0.23277080059052 1.12188684940338 0 4
5856758347639 904 0.25596517324448 1.30541324615479 0 4
5856758347639 905 0.19134765863419 1.50670909881592 0 4
5856758347639 906 0.13480733335018 1.68284296989441 0 4
5856758347639 907 0.10104836523533 1.86108899116516 0 4
5856758347639 908 0.12424279004335 2.04461526870728 0 4
5856758347639 909 0.1507506519556 2.25435876846313 0 4
5856758347639 910 0.12991406023502 2.43413925170898 0 4
5856758347639 911 0.0760542973876 2.61111092567444 0 4
5856758347639 912 0.02219451218843 2.78808259963989 0 4
5856758347639 913 0.02907283231616 2.99563455581665 0 4
5856758347639 914 0.05505079776049 3.17878794670105 0 4
5856758347639 915 0.08102878183126 3.36194133758545 0 4
5856758347639 916 0.01947474479675 3.56419467926025 0 4
5856758347639 917 -0.03438504040241 3.74116635322571 0 4
5856758347639 918 -0.06543403118849 3.91990423202515 0 4
5856758347639 919 -0.03945606574416 4.10305690765381 0 4
5856758347639 920 -0.00976696051657 4.31237316131592 0 4
5856758347639 921 -0.02941056340933 4.49199438095093 0 4
5856758347639 922 -0.08327034115791 4.66896772384644 0 4
5856758347639 923 -0.13713011145592 4.84594106674194 0 4
5856758347639 924 -0.1302518248558 5.05349206924438 0 4
5856758347639 925 -0.10427384078503 5.23664379119873 0 4
5856758347639 926 -0.07829584926367 5.41979551315308 0 4
5856758347639 927 -0.13984987139702 5.62205076217651 0 4
5856758347639 928 -0.19370968639851 5.79902410507202 0 4
5856758347639 929 -0.22475871443748 5.9777626991272 0 4
5856758347639 930 -0.19878077507019 6.16091442108154 0 4
5856758347639 931 -0.16909170150757 6.37023067474365 0 4
5856758347639 932 -0.14764639735222 6.55392599105835 0 4
5856758347639 933 -0.12960056960583 6.73802900314331 0 4
5856758347639 934 -0.11155478656292 6.92213201522827 0 4
5856758347639 935 -0.09238086640835 7.13267278671265 0 4
5856758347639 936 -0.07602655142546 7.31693601608276 0 4
5856758347639 937 -0.05967223644257 7.50119924545288 0 4
5856758347639 938 -0.10612988471985 7.70744466781616 0 4
5856758347639 939 -0.14678032696247 7.88790941238403 0 4
