# framerate: 30 fps
# id frame x/m y/m z/m
406008641370 0 -0.93284511566162 -7.77503967285156 0 4
409028540430 0 2.046630859375 -7.84379577636719 0 4
412048439490 0 5.05635070800781 -7.81122589111328 0 4
415068338550 0 -2.06745147705078 7.7740478515625 0 8
418088237610 0 0.92970275878906 7.76451110839844 0 8
421108136670 0 -5.05817413330078 7.80511474609375 0 8
406008641370 1 -0.87796187400818 -7.67592430114746 0 4
409028540430 1 2.08535766601563 -7.77427864074707 0 4
412048439490 1 5.06326198577881 -7.71530628204346 0 4
415068338550 1 -2.12346982955933 7.67349052429199 0 8
418088237610 1 0.87255358695984 7.66109848022461 0 8
421108136670 1 -5.06530857086182 7.70608901977539 0 8
406008641370 2 -0.74463105201721 -7.52586078643799 0 4
409028540430 2 2.18009948730469 -7.66764736175537 0 4
412048439490 2 5.03814458847046 -7.54476499557495 0 4
415068338550 2 -2.2605140209198 7.51924800872803 0 8
418088237610 2 0.73404157161713 7.50520706176758 0 8
421108136670 2 -5.03937673568726 7.5300235748291 0 8
406008641370 3 -0.61130023002625 -7.37579727172852 0 4
409028540430 3 2.27484130859375 -7.56101608276367 0 4
412048439490 3 5.01302719116211 -7.37422370910645 0 4
415068338550 3 -2.39755821228027 7.36500549316406 0 8
418088237610 3 0.59552955627441 7.34931564331055 0 8
421108136670 3 -5.0134449005127 7.35395812988281 0 8
406008641370 4 -0.45429944992065 -7.2551121711731 0 4
409028540430 4 2.38509202003479 -7.47582674026489 0 4
412048439490 4 5.00129222869873 -7.20293998718262 0 4
415068338550 4 -2.55137300491333 7.23083877563477 0 8
418088237610 4 0.43178725242615 7.22366523742676 0 8
421108136670 4 -4.95666551589966 7.18966293334961 0 8
406008641370 5 -0.26573872566223 -7.17359828948975 0 4
409028540430 5 2.51602125167847 -7.41922664642334 0 4
412048439490 5 5.00740051269531 -7.03066635131836 0 4
415068338550 5 -2.72754859924316 7.12343978881836 0 8
418088237610 5 0.23440454900265 7.13833618164063 0 8
421108136670 5 -4.85875606536865 7.04106140136719 0 8
406008641370 6 -0.07717800140381 -7.0920844078064 0 4
409028540430 6 2.64695048332214 -7.36262655258179 0 4
412048439490 6 5.01350879669189 -6.8583927154541 0 4
415068338550 6 -2.903724193573 7.01604080200195 0 8
418088237610 6 0.03702175989747 7.05300712585449 0 8
421108136670 6 -4.76084661483765 6.89245986938477 0 8
406008641370 7 0.17964254319668 -7.06213092803955 0 4
409028540430 7 2.82524156570435 -7.33384037017822 0 4
412048439490 7 4.95846843719482 -6.64851951599121 0 4
415068338550 7 -3.13224411010742 6.88133811950684 0 8
418088237610 7 -0.23181447386742 7.02165603637695 0 8
421108136670 7 -4.69665813446045 6.67786026000977 0 8
406008641370 8 0.38498619198799 -7.06794214248657 0 4
409028540430 8 2.96778321266174 -7.32855653762817 0 4
412048439490 8 4.89120054244995 -6.4898042678833 0 4
415068338550 8 -3.31076288223267 6.7778844833374 0 8
418088237610 8 -0.4467653632164 7.02774429321289 0 8
421108136670 8 -4.67072629928589 6.50179481506348 0 8
406008641370 9 0.5903297662735 -7.07375335693359 0 4
409028540430 9 3.11032485961914 -7.32327270507813 0 4
412048439490 9 4.82393264770508 -6.33108901977539 0 4
415068338550 9 -3.48928165435791 6.67443084716797 0 8
418088237610 9 -0.66171610355377 7.03383255004883 0 8
421108136670 9 -4.64479446411133 6.32572937011719 0 8
406008641370 10 0.68461012840271 -7.03299474716187 0 4
409028540430 10 3.23727869987488 -7.25824117660522 0 4
412048439490 10 4.83004093170166 -6.15881538391113 0 4
415068338550 10 -3.58154344558716 6.62827491760254 0 8
418088237610 10 -0.87654119729996 7.0242862701416 0 8
421108136670 10 -4.69570016860962 6.15520477294922 0 8
406008641370 11 0.79235911369324 -6.98641347885132 0 4
409028540430 11 3.38236880302429 -7.18391942977905 0 4
412048439490 11 4.83702182769775 -5.9619312286377 0 4
415068338550 11 -3.6869854927063 6.57552528381348 0 8
418088237610 11 -1.12205541133881 7.01337623596191 0 8
421108136670 11 -4.75387811660767 5.96031951904297 0 8
406008641370 12 0.91837179660797 -6.95896053314209 0 4
409028540430 12 3.51351022720337 -7.13258075714111 0 4
412048439490 12 4.82216548919678 -5.79353141784668 0 4
415068338550 12 -3.79388046264648 6.51906585693359 0 8
418088237610 12 -1.33333766460419 7.02728652954102 0 8
421108136670 12 -4.79615116119385 5.78801536560059 0 8
406008641370 13 1.12371528148651 -6.96477174758911 0 4
409028540430 13 3.6551206111908 -7.11547422409058 0 4
412048439490 13 4.7548975944519 -5.63481616973877 0 4
415068338550 13 -3.93735837936401 6.43684768676758 0 8
418088237610 13 -1.53576385974884 7.09983825683594 0 8
421108136670 13 -4.81684255599976 5.61126232147217 0 8
406008641370 14 1.35839354991913 -6.97141313552856 0 4
409028540430 14 3.81696105003357 -7.09592390060425 0 4
412048439490 14 4.67802000045776 -5.4534273147583 0 4
415068338550 14 -4.1013331413269 6.3428840637207 0 8
418088237610 14 -1.7671080827713 7.18275451660156 0 8
421108136670 14 -4.84048986434937 5.40925884246826 0 8
406008641370 15 1.50424635410309 -6.96398162841797 0 4
409028540430 15 3.94685840606689 -7.04553413391113 0 4
412048439490 15 4.65268135070801 -5.28696441650391 0 4
415068338550 15 -4.24556064605713 6.22365188598633 0 8
418088237610 15 -1.9762190580368 7.20254135131836 0 8
421108136670 15 -4.87535858154297 5.23519515991211 0 8
406008641370 16 1.60548114776611 -6.94661808013916 0 4
409028540430 16 4.06797170639038 -6.97018194198608 0 4
412048439490 16 4.65878963470459 -5.11469078063965 0 4
415068338550 16 -4.39035034179688 6.07665920257568 0 8
418088237610 16 -2.19034290313721 7.18275451660156 0 8
421108136670 16 -4.92086029052734 5.06314849853516 0 8
406008641370 17 1.70671594142914 -6.92925453186035 0 4
409028540430 17 4.18908596038818 -6.89482975006104 0 4
412048439490 17 4.66489791870117 -4.94241714477539 0 4
415068338550 17 -4.53514003753662 5.92966651916504 0 8
418088237610 17 -2.40446662902832 7.16296768188477 0 8
421108136670 17 -4.96636199951172 4.8911018371582 0 8
406008641370 18 1.86455571651459 -6.92418766021729 0 4
409028540430 18 4.2904806137085 -6.77089309692383 0 4
412048439490 18 4.73379421234131 -4.76158046722412 0 4
415068338550 18 -4.63573741912842 5.72103118896484 0 8
418088237610 18 -2.62481498718262 7.06437683105469 0 8
421108136670 18 -4.95238590240479 4.69181060791016 0 8
406008641370 19 2.01495718955994 -6.92406415939331 0 4
409028540430 19 4.36840295791626 -6.65141773223877 0 4
412048439490 19 4.81213712692261 -4.60802888870239 0 4
415068338550 19 -4.70483779907227 5.52662086486816 0 8
418088237610 19 -2.81051349639893 6.9559497833252 0 8
421108136670 19 -4.9209132194519 4.51665306091309 0 8
406008641370 20 2.16535782814026 -6.92394065856934 0 4
409028540430 20 4.44632530212402 -6.53194236755371 0 4
412048439490 20 4.89048004150391 -4.45447731018066 0 4
415068338550 20 -4.77393817901611 5.33221054077148 0 8
418088237610 20 -2.99621200561523 6.8475227355957 0 8
421108136670 20 -4.88944053649902 4.34149551391602 0 8
406008641370 21 2.25404644012451 -6.88249444961548 0 4
409028540430 21 4.55286979675293 -6.43710374832153 0 4
412048439490 21 4.89658832550049 -4.28220367431641 0 4
415068338550 21 -4.79915571212769 5.23217487335205 0 8
418088237610 21 -3.21033573150635 6.82773590087891 0 8
421108136670 21 -4.9349422454834 4.16944885253906 0 8
406008641370 22 2.3554048538208 -6.83512735366821 0 4
409028540430 22 4.67463493347168 -6.32871675491333 0 4
412048439490 22 4.90356922149658 -4.08531951904297 0 4
415068338550 22 -4.82797574996948 5.11784839630127 0 8
418088237610 22 -3.45504856109619 6.80512237548828 0 8
421108136670 22 -4.9869441986084 3.97282409667969 0 8
406008641370 23 2.46084332466125 -6.80548763275146 0 4
409028540430 23 4.76687526702881 -6.22355175018311 0 4
412048439490 23 4.93031597137451 -3.91839504241943 0 4
415068338550 23 -4.88320636749268 5.00067901611328 0 8
418088237610 23 -3.66105079650879 6.760009765625 0 8
421108136670 23 -5.01045322418213 3.79988861083984 0 8
406008641370 24 2.60815644264221 -6.80536413192749 0 4
409028540430 24 4.82335519790649 -6.09257078170776 0 4
412048439490 24 5.00865888595581 -3.76484346389771 0 4
415068338550 24 -5.01346969604492 4.84067535400391 0 8
418088237610 24 -3.8467493057251 6.65158271789551 0 8
421108136670 24 -4.97898054122925 3.62473106384277 0 8
406008641370 25 2.77651429176331 -6.80522298812866 0 4
409028540430 25 4.88790369033813 -5.94287824630737 0 4
412048439490 25 5.09819364547729 -3.58935594558716 0 4
415068338550 25 -5.1623420715332 4.65781402587891 0 8
418088237610 25 -4.05897617340088 6.52766609191895 0 8
421108136670 25 -4.94301176071167 3.42455101013184 0 8
406008641370 26 2.93795228004456 -6.78829956054688 0 4
409028540430 26 4.93534851074219 -5.80861854553223 0 4
412048439490 26 5.1352596282959 -3.42510604858398 0 4
415068338550 26 -5.23257923126221 4.53207778930664 0 8
418088237610 26 -4.24357414245605 6.44080352783203 0 8
421108136670 26 -4.87092590332031 3.26637268066406 0 8
406008641370 27 3.10998392105103 -6.75877618789673 0 4
409028540430 27 4.97601699829102 -5.67189979553223 0 4
412048439490 27 5.14136791229248 -3.25283241271973 0 4
415068338550 27 -5.25779676437378 4.43204212188721 0 8
418088237610 27 -4.42734670639038 6.37011432647705 0 8
421108136670 27 -4.7683801651001 3.12092876434326 0 8
406008641370 28 3.2820155620575 -6.72925281524658 0 4
409028540430 28 5.01668548583984 -5.53518104553223 0 4
412048439490 28 5.14747619628906 -3.08055877685547 0 4
415068338550 28 -5.28301429748535 4.33200645446777 0 8
418088237610 28 -4.61111927032471 6.29942512512207 0 8
421108136670 28 -4.66583442687988 2.97548484802246 0 8
406008641370 29 3.39207148551941 -6.71177387237549 0 4
409028540430 29 5.01037216186523 -5.37517738342285 0 4
412048439490 29 5.09156322479248 -2.89529609680176 0 4
415068338550 29 -5.27363109588623 4.21687316894531 0 8
418088237610 29 -4.7915735244751 6.14655685424805 0 8
421108136670 29 -4.50418758392334 2.85808944702148 0 8
406008641370 30 3.46312618255615 -6.70122289657593 0 4
409028540430 30 4.98945045471191 -5.23407936096191 0 4
412048439490 30 5.02429533004761 -2.73658084869385 0 4
415068338550 30 -5.2542781829834 4.11589622497559 0 8
418088237610 30 -4.94084596633911 5.99177360534668 0 8
421108136670 30 -4.34978151321411 2.76960945129395 0 8
406008641370 31 3.5341808795929 -6.69067192077637 0 4
409028540430 31 4.96852874755859 -5.09298133850098 0 4
412048439490 31 4.95702743530273 -2.57786560058594 0 4
415068338550 31 -5.23492527008057 4.01491928100586 0 8
418088237610 31 -5.09011840820313 5.83699035644531 0 8
421108136670 31 -4.19537544250488 2.68112945556641 0 8
406008641370 32 3.67982172966003 -6.59446811676025 0 4
409028540430 32 4.97048139572144 -4.95035457611084 0 4
412048439490 32 4.82898378372192 -2.46245074272156 0 4
415068338550 32 -5.21931076049805 3.86528301239014 0 8
418088237610 32 -5.14012289047241 5.69144630432129 0 8
421108136670 32 -4.09282970428467 2.53568553924561 0 8
406008641370 33 3.84626841545105 -6.48452091217041 0 4
409028540430 33 4.97271299362183 -4.78735256195068 0 4
412048439490 33 4.68264818191528 -2.33054804801941 0 4
415068338550 33 -5.20146560668945 3.69427013397217 0 8
418088237610 33 -5.19727087020874 5.52511024475098 0 8
421108136670 33 -3.97563409805298 2.36946392059326 0 8
406008641370 34 3.98101115226746 -6.36578845977783 0 4
409028540430 34 4.98258876800537 -4.64561462402344 0 4
412048439490 34 4.55037307739258 -2.22054386138916 0 4
415068338550 34 -5.17042827606201 3.54749488830566 0 8
418088237610 34 -5.23159408569336 5.40797233581543 0 8
421108136670 34 -3.85826992988586 2.24029541015625 0 8
406008641370 35 4.08850717544556 -6.19073438644409 0 4
409028540430 35 5.01227235794067 -4.50609874725342 0 4
412048439490 35 4.40751934051514 -2.12406635284424 0 4
415068338550 35 -5.10083389282227 3.40787220001221 0 8
418088237610 35 -5.22671413421631 5.36184978485107 0 8
421108136670 35 -3.70386385917664 2.15181541442871 0 8
406008641370 36 4.21135950088501 -5.99067258834839 0 4
409028540430 36 5.04619646072388 -4.34665203094482 0 4
412048439490 36 4.24425792694092 -2.01380634307861 0 4
415068338550 36 -5.02129745483398 3.24830341339111 0 8
418088237610 36 -5.22113704681396 5.30913829803467 0 8
421108136670 36 -3.52739977836609 2.05069541931152 0 8
406008641370 37 4.3064022064209 -5.88330078125 0 4
409028540430 37 5.07044982910156 -4.2061710357666 0 4
412048439490 37 4.0897102355957 -1.94093799591064 0 4
415068338550 37 -4.98839855194092 3.07060241699219 0 8
418088237610 37 -5.21608543395996 5.28445053100586 0 8
421108136670 37 -3.38019394874573 1.95133399963379 0 8
406008641370 38 4.39210510253906 -5.82669067382813 0 4
409028540430 38 5.09063053131104 -4.06496620178223 0 4
412048439490 38 3.92639207839966 -1.88577651977539 0 4
415068338550 38 -4.98302125930786 2.86434268951416 0 8
418088237610 38 -5.21090507507324 5.27583885192871 0 8
421108136670 38 -3.23838829994202 1.84381151199341 0 8
406008641370 39 4.47780799865723 -5.77008056640625 0 4
409028540430 39 5.11081123352051 -3.92376136779785 0 4
412048439490 39 3.76307392120361 -1.83061504364014 0 4
415068338550 39 -4.9776439666748 2.65808296203613 0 8
418088237610 39 -5.20572471618652 5.26722717285156 0 8
421108136670 39 -3.09658265113831 1.73628902435303 0 8
406008641370 40 4.52049922943115 -5.7242603302002 0 4
409028540430 40 5.08110332489014 -3.76641416549683 0 4
412048439490 40 3.60952234268188 -1.71284198760986 0 4
415068338550 40 -4.89721488952637 2.44086837768555 0 8
418088237610 40 -5.14085865020752 5.18643188476563 0 8
421108136670 40 -2.90695738792419 1.67341041564941 0 8
406008641370 41 4.54173803329468 -5.68967342376709 0 4
409028540430 41 5.03971719741821 -3.62991070747375 0 4
412048439490 41 3.48481822013855 -1.59382724761963 0 4
415068338550 41 -4.80517339706421 2.25620460510254 0 8
418088237610 41 -5.06690835952759 5.09504127502441 0 8
421108136670 41 -2.73299646377563 1.63589286804199 0 8
406008641370 42 4.5629768371582 -5.65508651733398 0 4
409028540430 42 4.99833106994629 -3.49340724945068 0 4
412048439490 42 3.36011409759521 -1.47481250762939 0 4
415068338550 42 -4.71313190460205 2.07154083251953 0 8
418088237610 42 -4.99295806884766 5.0036506652832 0 8
421108136670 42 -2.55903553962708 1.59837532043457 0 8
406008641370 43 4.62551832199097 -5.54122543334961 0 4
409028540430 43 5.01851177215576 -3.35220241546631 0 4
412048439490 43 3.19679594039917 -1.41965103149414 0 4
415068338550 43 -4.55167293548584 1.94307994842529 0 8
418088237610 43 -4.94101428985596 4.79498100280762 0 8
421108136670 43 -2.41722989082336 1.49085283279419 0 8
406008641370 44 4.68805980682373 -5.42736434936523 0 4
409028540430 44 5.03869247436523 -3.21099758148193 0 4
412048439490 44 3.03347778320313 -1.36448955535889 0 4
415068338550 44 -4.39021396636963 1.81461906433105 0 8
418088237610 44 -4.88907051086426 4.58631134033203 0 8
421108136670 44 -2.27542424201965 1.38333034515381 0 8
406008641370 45 4.74328756332397 -5.30523014068604 0 4
409028540430 45 5.05007791519165 -3.07046437263489 0 4
412048439490 45 2.86938047409058 -1.31219577789307 0 4
415068338550 45 -4.22316026687622 1.69762563705444 0 8
418088237610 45 -4.85041999816895 4.37729835510254 0 8
421108136670 45 -2.12902498245239 1.28580856323242 0 8
406008641370 46 4.75625371932983 -5.10891819000244 0 4
409028540430 46 5.00277948379517 -2.91446042060852 0 4
412048439490 46 2.67649793624878 -1.27209568023682 0 4
415068338550 46 -3.99387788772583 1.64255285263062 0 8
418088237610 46 -4.89740180969238 4.13607215881348 0 8
421108136670 46 -1.93021285533905 1.2429313659668 0 8
406008641370 47 4.76759910583496 -4.9371452331543 0 4
409028540430 47 4.96139335632324 -2.77795696258545 0 4
412048439490 47 2.50772571563721 -1.2370080947876 0 4
415068338550 47 -3.79325580596924 1.59436416625977 0 8
418088237610 47 -4.93851089477539 3.92499923706055 0 8
421108136670 47 -1.75625276565552 1.20541381835938 0 8
406008641370 48 4.767906665802 -4.75116586685181 0 4
409028540430 48 4.89694452285767 -2.6544303894043 0 4
412048439490 48 2.35208487510681 -1.17276096343994 0 4
415068338550 48 -3.62596893310547 1.52494096755981 0 8
418088237610 48 -4.93974018096924 3.71495628356934 0 8
421108136670 48 -1.59607315063477 1.13789415359497 0 8
406008641370 49 4.7514386177063 -4.51697015762329 0 4
409028540430 49 4.78814554214478 -2.53303146362305 0 4
412048439490 49 2.19421935081482 -1.05490207672119 0 4
415068338550 49 -3.48558044433594 1.41324281692505 0 8
418088237610 49 -4.88037586212158 3.47647666931152 0 8
421108136670 49 -1.43400955200195 1.01501131057739 0 8
406008641370 50 4.73702907562256 -4.31204891204834 0 4
409028540430 50 4.692946434021 -2.42680740356445 0 4
412048439490 50 2.05608701705933 -0.95177555084229 0 4
415068338550 50 -3.3627405166626 1.31550693511963 0 8
418088237610 50 -4.82843208312988 3.26780700683594 0 8
421108136670 50 -1.29220390319824 0.90748882293701 0 8
406008641370 51 4.77831172943115 -4.13509654998779 0 4
409028540430 51 4.58338260650635 -2.33648586273193 0 4
412048439490 51 1.89606845378876 -0.89724826812744 0 4
415068338550 51 -3.20275497436523 1.25758457183838 0 8
418088237610 51 -4.8141655921936 3.05458831787109 0 8
421108136670 51 -1.12743079662323 0.84996747970581 0 8
406008641370 52 4.84187126159668 -3.96933174133301 0 4
409028540430 52 4.46807289123535 -2.25252532958984 0 4
412048439490 52 1.72729539871216 -0.86216068267822 0 4
415068338550 52 -3.02791118621826 1.2155876159668 0 8
418088237610 52 -4.81497001647949 2.83955001831055 0 8
421108136670 52 -0.95347058773041 0.81244659423828 0 8
406008641370 53 4.90543079376221 -3.80356693267822 0 4
409028540430 53 4.35276317596436 -2.16856479644775 0 4
412048439490 53 1.55852234363556 -0.827073097229 0 4
415068338550 53 -2.85306739807129 1.17359066009521 0 8
418088237610 53 -4.81577444076538 2.62451171875 0 8
421108136670 53 -0.77951008081436 0.77492570877075 0 8
406008641370 54 4.90010118484497 -3.57496666908264 0 4
409028540430 54 4.22796678543091 -2.06376791000366 0 4
412048439490 54 1.36791527271271 -0.77740001678467 0 4
415068338550 54 -2.68086004257202 1.05865335464478 0 8
418088237610 54 -4.74558734893799 2.4415454864502 0 8
421108136670 54 -0.58805680274963 0.70700407028198 0 8
406008641370 55 4.88569164276123 -3.37004709243774 0 4
409028540430 55 4.11964321136475 -1.97096538543701 0 4
412048439490 55 1.20141863822937 -0.73273944854736 0 4
415068338550 55 -2.53363037109375 0.94971561431885 0 8
418088237610 55 -4.67528533935547 2.28929901123047 0 8
421108136670 55 -0.4214551448822 0.64444255828857 0 8
406008641370 56 4.86376333236694 -3.17713952064514 0 4
409028540430 56 4.00716686248779 -1.88594484329224 0 4
412048439490 56 1.03445434570313 -0.69872903823853 0 4
415068338550 56 -2.37854957580566 0.85046482086182 0 8
418088237610 56 -4.59156799316406 2.13896751403809 0 8
421108136670 56 -0.25371357798576 0.58588790893555 0 8
406008641370 57 4.79672241210938 -3.05630397796631 0 4
409028540430 57 3.86977386474609 -1.84761619567871 0 4
412048439490 57 0.86468374729156 -0.72861957550049 0 4
415068338550 57 -2.17636203765869 0.80933570861816 0 8
418088237610 57 -4.42735862731934 2.00012588500977 0 8
421108136670 57 -0.07913200557232 0.5513744354248 0 8
406008641370 58 4.7201042175293 -2.91820621490479 0 4
409028540430 58 3.71275329589844 -1.80381202697754 0 4
412048439490 58 0.67066013813019 -0.76278018951416 0 4
415068338550 58 -1.94529056549072 0.76233100891113 0 8
418088237610 58 -4.23969078063965 1.84145355224609 0 8
421108136670 58 0.12038982659578 0.51193046569824 0 8
406008641370 59 4.61054992675781 -2.79743647575378 0 4
409028540430 59 3.58781862258911 -1.74213743209839 0 4
412048439490 59 0.50229281187057 -0.76072025299072 0 4
415068338550 59 -1.76432752609253 0.71911478042603 0 8
418088237610 59 -4.05692768096924 1.73793315887451 0 8
421108136670 59 0.28797540068626 0.45732688903809 0 8
406008641370 60 4.44431114196777 -2.67675447463989 0 4
409028540430 60 3.47949504852295 -1.64933490753174 0 4
412048439490 60 0.33579659461975 -0.71605968475342 0 4
415068338550 60 -1.61166381835938 0.67311573028564 0 8
418088237610 60 -3.84942770004272 1.68150329589844 0 8
421108136670 60 0.44623294472694 0.37593650817871 0 8
406008641370 61 4.25432395935059 -2.53883218765259 0 4
409028540430 61 3.35569667816162 -1.54327487945557 0 4
412048439490 61 0.14551512897015 -0.66501903533936 0 4
415068338550 61 -1.43719100952148 0.62054538726807 0 8
418088237610 61 -3.61228513717651 1.61701202392578 0 8
421108136670 61 0.62709873914719 0.28291893005371 0 8
406008641370 62 4.16100788116455 -2.42917537689209 0 4
409028540430 62 3.20698165893555 -1.48390674591064 0 4
412048439490 62 -0.0152180492878 -0.55725288391113 0 4
415068338550 62 -1.26528668403625 0.62596225738525 0 8
418088237610 62 -3.46941757202148 1.53022193908691 0 8
421108136670 62 0.80857068300247 0.19109153747559 0 8
406008641370 63 4.10755205154419 -2.34146976470947 0 4
409028540430 63 3.06958866119385 -1.44557809829712 0 4
412048439490 63 -0.14724132418633 -0.44641256332397 0 4
415068338550 63 -1.11561954021454 0.6476149559021 0 8
418088237610 63 -3.37190532684326 1.44777679443359 0 8
421108136670 63 0.96753543615341 0.1110897064209 0 8
406008641370 64 4.05409622192383 -2.25376415252686 0 4
409028540430 64 2.93219566345215 -1.40724945068359 0 4
412048439490 64 -0.27926453948021 -0.33557224273682 0 4
415068338550 64 -0.96595251560211 0.66926765441895 0 8
418088237610 64 -3.27439308166504 1.36533164978027 0 8
421108136670 64 1.12650012969971 0.03108787536621 0 8
406008641370 65 3.88642883300781 -2.14220952987671 0 4
409028540430 65 2.82387208938599 -1.31444692611694 0 4
412048439490 65 -0.42053258419037 -0.26510334014893 0 4
415068338550 65 -0.76137924194336 0.69612073898315 0 8
418088237610 65 -3.0668933391571 1.3089017868042 0 8
421108136670 65 1.26985788345337 -0.07435512542725 0 8
406008641370 66 3.69480895996094 -2.01471853256226 0 4
409028540430 66 2.70007371902466 -1.20838689804077 0 4
412048439490 66 -0.58198189735413 -0.18456745147705 0 4
415068338550 66 -0.52758121490479 0.72680997848511 0 8
418088237610 66 -2.82975077629089 1.24441051483154 0 8
421108136670 66 1.4336953163147 -0.19486141204834 0 8
406008641370 67 3.55314826965332 -1.91728019714355 0 4
409028540430 67 2.60307216644287 -1.13662433624268 0 4
412048439490 67 -0.73212254047394 -0.13293361663818 0 4
415068338550 67 -0.32524201273918 0.72824192047119 0 8
418088237610 67 -2.65584707260132 1.18725967407227 0 8
421108136670 67 1.58038878440857 -0.27905750274658 0 8
406008641370 68 3.4765043258667 -1.85513257980347 0 4
409028540430 68 2.53437566757202 -1.11746168136597 0 4
412048439490 68 -0.90444415807724 -0.12838745117188 0 4
415068338550 68 -0.12848739326 0.66612100601196 0 8
418088237610 68 -2.56593346595764 1.12830638885498 0 8
421108136670 68 1.73542153835297 -0.31013631820679 0 8
406008641370 69 3.39986038208008 -1.79298496246338 0 4
409028540430 69 2.46567916870117 -1.09829902648926 0 4
412048439490 69 -1.07676601409912 -0.12384128570557 0 4
415068338550 69 0.06826721131802 0.60400009155273 0 8
418088237610 69 -2.47601985931396 1.0693531036377 0 8
421108136670 69 1.89045429229736 -0.34121513366699 0 8
406008641370 70 3.29493522644043 -1.74218845367432 0 4
409028540430 70 2.34961223602295 -1.10008239746094 0 4
412048439490 70 -1.26338148117065 -0.07727336883545 0 4
415068338550 70 0.26759400963783 0.48881530761719 0 8
418088237610 70 -2.42464065551758 1.03566551208496 0 8
421108136670 70 2.07558393478394 -0.39093208312988 0 8
406008641370 71 3.18796014785767 -1.71544218063354 0 4
409028540430 71 2.21519160270691 -1.12236595153809 0 4
412048439490 71 -1.41763651371002 -0.00032567977905 0 4
415068338550 71 0.41966128349304 0.34936285018921 0 8
418088237610 71 -2.42464065551758 1.03566551208496 0 8
421108136670 71 2.24452805519104 -0.44685792922974 0 8
406008641370 72 3.0809850692749 -1.68869590759277 0 4
409028540430 72 2.08077096939087 -1.14464950561523 0 4
412048439490 72 -1.57189154624939 0.07662200927734 0 4
415068338550 72 0.57172864675522 0.20991039276123 0 8
418088237610 72 -2.42464065551758 1.03566551208496 0 8
421108136670 72 2.41347217559814 -0.50278377532959 0 8
406008641370 73 2.97699737548828 -1.62151622772217 0 4
409028540430 73 1.94422686100006 -1.12363862991333 0 4
412048439490 73 -1.73905158042908 0.10185432434082 0 4
415068338550 73 0.67735785245895 0.1305251121521 0 8
418088237610 73 -2.36307382583618 1.02107667922974 0 8
421108136670 73 2.55686259269714 -0.60308408737183 0 8
406008641370 74 2.85951995849609 -1.52625560760498 0 4
409028540430 74 1.78720533847809 -1.07983446121216 0 4
412048439490 74 -1.93599104881287 0.1070499420166 0 4
415068338550 74 0.7768480181694 0.06725835800171 0 8
418088237610 74 -2.26456689834595 0.99773454666138 0 8
421108136670 74 2.70905566215515 -0.73799848556519 0 8
406008641370 75 2.75672721862793 -1.44290256500244 0 4
409028540430 75 1.64981150627136 -1.04150581359863 0 4
412048439490 75 -2.10831308364868 0.11159610748291 0 4
415068338550 75 0.86390191316605 0.01189994812012 0 8
418088237610 75 -2.17837333679199 0.97731018066406 0 8
421108136670 75 2.84222459793091 -0.85604858398438 0 8
406008641370 76 2.72798490524292 -1.43571615219116 0 4
409028540430 76 1.52419698238373 -1.05882263183594 0 4
412048439490 76 -2.26256895065308 0.18854379653931 0 4
415068338550 76 0.86390191316605 0.01189994812012 0 8
418088237610 76 -2.03489375114441 1.00694036483765 0 8
421108136670 76 3.01280760765076 -0.90675735473633 0 8
406008641370 77 2.69924259185791 -1.42852973937988 0 4
409028540430 77 1.39858245849609 -1.07613945007324 0 4
412048439490 77 -2.41682481765747 0.2654914855957 0 4
415068338550 77 0.86390191316605 0.01189994812012 0 8
418088237610 77 -1.89141416549683 1.03657054901123 0 8
421108136670 77 3.18339061737061 -0.95746612548828 0 8
406008641370 78 2.65928173065186 -1.40994358062744 0 4
409028540430 78 1.25197124481201 -1.07896423339844 0 4
412048439490 78 -2.57969665527344 0.36999797821045 0 4
415068338550 78 0.89337140321732 0.01248931884766 0 8
418088237610 78 -1.70864820480347 1.04780101776123 0 8
421108136670 78 3.36765289306641 -1.03465938568115 0 8
406008641370 79 2.60564565658569 -1.36645126342773 0 4
409028540430 79 1.11567556858063 -1.03690052032471 0 4
412048439490 79 -2.68698048591614 0.50492763519287 0 4
415068338550 79 0.99651461839676 0.01455211639404 0 8
418088237610 79 -1.49940609931946 0.99821710586548 0 8
421108136670 79 3.50082182884216 -1.15270948410034 0 8
406008641370 80 2.55200958251953 -1.32295894622803 0 4
409028540430 80 0.97937977313995 -0.99483680725098 0 4
412048439490 80 -2.79426431655884 0.63985729217529 0 4
415068338550 80 1.09965789318085 0.01661491394043 0 8
418088237610 80 -1.29016399383545 0.94863319396973 0 8
421108136670 80 3.63399076461792 -1.27075958251953 0 8
406008641370 81 2.52136039733887 -1.29810619354248 0 4
409028540430 81 0.8220716714859 -0.95248794555664 0 4
412048439490 81 -2.94371557235718 0.76093006134033 0 4
415068338550 81 1.26642644405365 -0.02988815307617 0 8
418088237610 81 -1.04971837997437 0.9423770904541 0 8
421108136670 81 3.80434083938599 -1.37639427185059 0 8
406008641370 82 2.52136039733887 -1.29810619354248 0 4
409028540430 82 0.68307858705521 -0.92044115066528 0 4
412048439490 82 -3.09797143936157 0.83787775039673 0 4
415068338550 82 1.45512819290161 -0.11333131790161 0 8
418088237610 82 -0.83818066120148 0.98101282119751 0 8
421108136670 82 3.96928453445435 -1.44320487976074 0 8
406008641370 83 2.52136039733887 -1.29810619354248 0 4
409028540430 83 0.54408550262451 -0.88839435577393 0 4
412048439490 83 -3.25222730636597 0.91482543945313 0 4
415068338550 83 1.64382994174957 -0.19677448272705 0 8
418088237610 83 -0.62664294242859 1.01964855194092 0 8
421108136670 83 4.13422822952271 -1.5100154876709 0 8
406008641370 84 2.49823021888733 -1.29249620437622 0 4
409028540430 84 0.40889206528664 -0.84368515014648 0 4
412048439490 84 -3.37293171882629 1.03318881988525 0 4
415068338550 84 1.77141845226288 -0.21914196014404 0 8
418088237610 84 -0.41759887337685 0.9918417930603 0 8
421108136670 84 4.26796531677246 -1.62214469909668 0 8
406008641370 85 2.46122193336487 -1.28352022171021 0 4
409028540430 85 0.25612226128578 -0.78680038452148 0 4
412048439490 85 -3.49554181098938 1.18739414215088 0 4
415068338550 85 1.88929641246796 -0.21678447723389 0 8
418088237610 85 -0.17983141541481 0.92968893051147 0 8
421108136670 85 4.40654182434082 -1.77100944519043 0 8
406008641370 86 2.42883968353271 -1.27566623687744 0 4
409028540430 86 0.12244857847691 -0.73702621459961 0 4
412048439490 86 -3.60282564163208 1.3223237991333 0 4
415068338550 86 1.9924396276474 -0.2147216796875 0 8
418088237610 86 0.02821511588991 0.87530517578125 0 8
421108136670 86 4.52779626846313 -1.90126609802246 0 8
406008641370 87 2.29303216934204 -1.26780891418457 0 4
409028540430 87 -0.01191035099328 -0.68913459777832 0 4
412048439490 87 -3.75708150863647 1.39926815032959 0 4
415068338550 87 2.1811420917511 -0.29816484451294 0 8
418088237610 87 0.19785539805889 0.74315595626831 0 8
421108136670 87 4.58264064788818 -2.07056498527527 0 8
406008641370 88 2.15722465515137 -1.2599515914917 0 4
409028540430 88 -0.14626927673817 -0.64124298095703 0 4
412048439490 88 -3.91133737564087 1.47621250152588 0 4
415068338550 88 2.36984467506409 -0.38160800933838 0 8
418088237610 88 0.36749568581581 0.61100673675537 0 8
421108136670 88 4.63748502731323 -2.23986291885376 0 8
406008641370 89 1.98914539813995 -1.22538089752197 0 4
409028540430 89 -0.29044270515442 -0.57156753540039 0 4
412048439490 89 -4.07420969009399 1.58071613311768 0 4
415068338550 89 2.57037758827209 -0.49752330780029 0 8
418088237610 89 0.53483176231384 0.4733247756958 0 8
421108136670 89 4.68179082870483 -2.43574953079224 0 8
406008641370 90 1.80829095840454 -1.12795543670654 0 4
409028540430 90 -0.39197289943695 -0.47137832641602 0 4
412048439490 90 -4.18149518966675 1.7156457901001 0 4
415068338550 90 2.70613503456116 -0.65289735794067 0 8
418088237610 90 0.61158710718155 0.38788557052612 0 8
421108136670 90 4.67232799530029 -2.61345887184143 0 8
406008641370 91 1.62743651866913 -1.03052997589111 0 4
409028540430 91 -0.49350309371948 -0.37118911743164 0 4
412048439490 91 -4.2887806892395 1.85057544708252 0 4
415068338550 91 2.84189248085022 -0.80827140808105 0 8
418088237610 91 0.68834245204926 0.30244636535645 0 8
421108136670 91 4.66286516189575 -2.79116821289063 0 8
406008641370 92 1.4361983537674 -0.96977519989014 0 4
409028540430 92 -0.59407305717468 -0.27004861831665 0 4
412048439490 92 -4.36731863021851 1.99951839447021 0 4
415068338550 92 3.00034070014954 -0.9328179359436 0 8
418088237610 92 0.7341992855072 0.25119495391846 0 8
421108136670 92 4.68085527420044 -2.96530771255493 0 8
406008641370 93 1.2018176317215 -0.95621776580811 0 4
409028540430 93 -0.7075469493866 -0.15300989151001 0 4
412048439490 93 -4.41327047348022 2.1910924911499 0 4
415068338550 93 3.21600079536438 -1.02818155288696 0 8
418088237610 93 0.7395236492157 0.24471759796143 0 8
421108136670 93 4.743248462677 -3.15888452529907 0 8
406008641370 94 0.99673449993134 -0.94435501098633 0 4
409028540430 94 -0.80683660507202 -0.0506010055542 0 4
412048439490 94 -4.45347833633423 2.35871982574463 0 4
415068338550 94 3.40470337867737 -1.1116247177124 0 8
418088237610 94 0.74418246746063 0.23904991149902 0 8
421108136670 94 4.79784250259399 -3.3282642364502 0 8
406008641370 95 0.79693025350571 -0.9010853767395 0 4
409028540430 95 -0.93039578199387 0.01498174667358 0 4
412048439490 95 -4.54159879684448 2.50299167633057 0 4
415068338550 95 3.55558800697327 -1.24644708633423 0 8
418088237610 95 0.78687173128128 0.21763944625854 0 8
421108136670 95 4.79765272140503 -3.50278902053833 0 8
406008641370 96 0.59923756122589 -0.84525299072266 0 4
409028540430 96 -1.0636625289917 0.06583404541016 0 4
412048439490 96 -4.64888429641724 2.63792133331299 0 4
415068338550 96 3.69134545326233 -1.40182113647461 0 8
418088237610 96 0.84477317333221 0.18993186950684 0 8
421108136670 96 4.77554941177368 -3.67937183380127 0 8
406008641370 97 0.37330290675163 -0.78144454956055 0 4
409028540430 97 -1.21596717834473 0.12395095825195 0 4
412048439490 97 -4.77149629592896 2.79212665557861 0 4
415068338550 97 3.84649682044983 -1.57939147949219 0 8
418088237610 97 0.91094624996185 0.15826606750488 0 8
421108136670 97 4.75028848648071 -3.88118076324463 0 8
406008641370 98 0.19335882365704 -0.68787097930908 0 4
409028540430 98 -1.31525683403015 0.22635984420776 0 4
412048439490 98 -4.81170415878296 2.95975399017334 0 4
415068338550 98 4.03519916534424 -1.66283464431763 0 8
418088237610 98 1.08264493942261 0.15655374526978 0 8
421108136670 98 4.65563011169434 -4.03187847137451 0 8
406008641370 99 0.01341468840837 -0.59429740905762 0 4
409028540430 99 -1.41454648971558 0.32876873016357 0 4
412048439490 99 -4.85191202163696 3.12738132476807 0 4
415068338550 99 4.22390174865723 -1.74627780914307 0 8
418088237610 99 1.25434362888336 0.15484142303467 0 8
421108136670 99 4.56097173690796 -4.18257617950439 0 8
406008641370 100 -0.16870294511318 -0.50770378112793 0 4
409028540430 100 -1.53772807121277 0.431077003479 0 4
412048439490 100 -4.87654733657837 3.31932353973389 0 4
415068338550 100 4.42443466186523 -1.86219310760498 0 8
418088237610 100 1.45693504810333 0.12685489654541 0 8
421108136670 100 4.47303819656372 -4.36213493347168 0 8
406008641370 101 -0.26628229022026 -0.48534679412842 0 4
409028540430 101 -1.67099463939667 0.48192930221558 0 4
412048439490 101 -4.84214735031128 3.48823928833008 0 4
415068338550 101 4.5601921081543 -2.01756715774536 0 8
418088237610 101 1.65090894699097 0.03403902053833 0 8
421108136670 101 4.44924592971802 -4.53849744796753 0 8
406008641370 102 -0.36386170983315 -0.46298980712891 0 4
409028540430 102 -1.80426120758057 0.53278160095215 0 4
412048439490 102 -4.80774736404419 3.65715503692627 0 4
415068338550 102 4.69594955444336 -2.17294120788574 0 8
418088237610 102 1.8448828458786 -0.05877685546875 0 8
421108136670 102 4.42545366287231 -4.71485996246338 0 8
406008641370 103 -0.48820704221725 -0.39681339263916 0 4
409028540430 103 -1.94138729572296 0.55745410919189 0 4
412048439490 103 -4.7441349029541 3.81305599212646 0 4
415068338550 103 4.79811429977417 -2.34666514396667 0 8
418088237610 103 2.03903365135193 -0.15122222900391 0 8
421108136670 103 4.37067365646362 -4.87983131408691 0 8
406008641370 104 -0.67110222578049 -0.25441074371338 0 4
409028540430 104 -2.1039834022522 0.54575824737549 0 4
412048439490 104 -4.62692070007324 3.97139644622803 0 4
415068338550 104 4.863685131073 -2.57316851615906 0 8
418088237610 104 2.26119017601013 -0.25630950927734 0 8
421108136670 104 4.26084852218628 -5.05101203918457 0 8
406008641370 105 -0.83113551139832 -0.12980842590332 0 4
409028540430 105 -2.24625468254089 0.53552436828613 0 4
412048439490 105 -4.52435827255249 4.10994529724121 0 4
415068338550 105 4.92105960845947 -2.77135896682739 0 8
418088237610 105 2.45557713508606 -0.3482608795166 0 8
421108136670 105 4.1647515296936 -5.20079517364502 0 8
406008641370 106 -1.00556838512421 -0.02374792098999 0 4
409028540430 106 -2.38209462165833 0.56892347335815 0 4
412048439490 106 -4.47048330307007 4.27018451690674 0 4
415068338550 106 4.91476678848267 -2.97360491752625 0 8
418088237610 106 2.60919809341431 -0.49273824691772 0 8
421108136670 106 4.12030076980591 -5.36956357955933 0 8
406008641370 107 -1.18576109409332 0.07489585876465 0 4
409028540430 107 -2.51536202430725 0.61977577209473 0 4
412048439490 107 -4.43608331680298 4.43910026550293 0 4
415068338550 107 4.88300704956055 -3.1774730682373 0 8
418088237610 107 2.74651265144348 -0.65822601318359 0 8
421108136670 107 4.09650850296021 -5.54592609405518 0 8
406008641370 108 -1.39169561862946 0.18763160705566 0 4
409028540430 108 -2.66766762733459 0.67789268493652 0 4
412048439490 108 -4.39676904678345 4.63214683532715 0 4
415068338550 108 4.84671020507813 -3.41046524047852 0 8
418088237610 108 2.9034435749054 -0.84735488891602 0 8
421108136670 108 4.06931734085083 -5.747483253479 0 8
406008641370 109 -1.59669363498688 0.20087957382202 0 4
409028540430 109 -2.76695728302002 0.78030157089233 0 4
412048439490 109 -4.31029510498047 4.78126907348633 0 4
415068338550 109 4.77412843704224 -3.60360550880432 0 8
418088237610 109 3.09783053398132 -0.93930625915527 0 8
421108136670 109 3.973219871521 -5.89726638793945 0 8
406008641370 110 -1.8016916513443 0.21412754058838 0 4
409028540430 110 -2.86624693870544 0.88271045684814 0 4
412048439490 110 -4.22382116317749 4.93039131164551 0 4
415068338550 110 4.70154666900635 -3.79674577713013 0 8
418088237610 110 3.29221749305725 -1.03125762939453 0 8
421108136670 110 3.87712121009827 -6.0470495223999 0 8
406008641370 111 -2.02888798713684 0.25366687774658 0 4
409028540430 111 -2.98942875862122 0.98501873016357 0 4
412048439490 111 -4.14531564712524 5.10726737976074 0 4
415068338550 111 4.64386081695557 -4.021071434021 0 8
418088237610 111 3.49806761741638 -1.15735530853271 0 8
421108136670 111 3.77830338478088 -6.22354698181152 0 8
406008641370 112 -2.20908069610596 0.35231065750122 0 4
409028540430 112 -3.12269616127014 1.03587102890015 0 4
412048439490 112 -4.12996816635132 5.27896690368652 0 4
415068338550 112 4.6597056388855 -4.22679042816162 0 8
418088237610 112 3.63538217544556 -1.32284307479858 0 8
421108136670 112 3.72073698043823 -6.39193868637085 0 8
406008641370 113 -2.38927340507507 0.45095443725586 0 4
409028540430 113 -3.25596356391907 1.08672332763672 0 4
412048439490 113 -4.11462068557739 5.4506664276123 0 4
415068338550 113 4.67555046081543 -4.43250942230225 0 8
418088237610 113 3.77269673347473 -1.48833084106445 0 8
421108136670 113 3.66317057609558 -6.56033039093018 0 8
406008641370 114 -2.53566241264343 0.51455354690552 0 4
409028540430 114 -3.37466907501221 1.15967130661011 0 4
412048439490 114 -4.06879043579102 5.61268997192383 0 4
415068338550 114 4.65349817276001 -4.63283681869507 0 8
418088237610 114 3.93447089195251 -1.6223030090332 0 8
421108136670 114 3.59960031509399 -6.72638177871704 0 8
406008641370 115 -2.65145373344421 0.53383684158325 0 4
409028540430 115 -3.48814296722412 1.27671003341675 0 4
412048439490 115 -3.96996378898621 5.78311538696289 0 4
415068338550 115 4.57054758071899 -4.85356664657593 0 8
418088237610 115 4.15662717819214 -1.72739028930664 0 8
421108136670 115 3.51779985427856 -6.91258859634399 0 8
406008641370 116 -2.7527711391449 0.55070972442627 0 4
409028540430 116 -3.58743262290955 1.37911891937256 0 4
412048439490 116 -3.88349151611328 5.93223762512207 0 4
415068338550 116 4.49796581268311 -5.04670524597168 0 8
418088237610 116 4.35101413726807 -1.8193416595459 0 8
421108136670 116 3.44622445106506 -7.07551956176758 0 8
406008641370 117 -2.90271162986755 0.63854312896729 0 4
409028540430 117 -3.71099209785461 1.44470167160034 0 4
412048439490 117 -3.83667182922363 6.09597015380859 0 4
415068338550 117 4.37193775177002 -5.2050085067749 0 8
418088237610 117 4.50463390350342 -1.96381902694702 0 8
421108136670 117 3.34695911407471 -7.2218017578125 0 8
406008641370 118 -3.072101354599 0.7547607421875 0 4
409028540430 118 -3.84425950050354 1.49555397033691 0 4
412048439490 118 -3.80571317672729 6.26554679870605 0 4
415068338550 118 4.22453117370605 -5.34937763214111 0 8
418088237610 118 4.64194679260254 -2.12930536270142 0 8
421108136670 118 3.23661780357361 -7.36142444610596 0 8
406008641370 119 -3.26568961143494 0.88758087158203 0 4
409028540430 119 -3.99656510353088 1.55367088317871 0 4
412048439490 119 -3.77033185958862 6.45934867858887 0 4
415068338550 119 4.05606651306152 -5.51437091827393 0 8
418088237610 119 4.79887580871582 -2.31843233108521 0 8
421108136670 119 3.11051344871521 -7.52099323272705 0 8
406008641370 120 -3.34297108650208 0.95523929595947 0 4
409028540430 120 -4.09585618972778 1.65607976913452 0 4
412048439490 120 -3.67060661315918 6.59995269775391 0 4
415068338550 120 3.98348474502563 -5.70750951766968 0 8
418088237610 120 4.85338640213013 -2.52644610404968 0 8
421108136670 120 2.98955941200256 -7.65153026580811 0 8
406008641370 121 -3.42025256156921 1.02289772033691 0 4
409028540430 121 -4.19514751434326 1.75848865509033 0 4
412048439490 121 -3.57088136672974 6.74055671691895 0 4
415068338550 121 3.91090297698975 -5.90064811706543 0 8
418088237610 121 4.90789699554443 -2.73445987701416 0 8
421108136670 121 2.86860537528992 -7.78206729888916 0 8
406008641370 122 -3.48649382591248 1.08089065551758 0 4
409028540430 122 -4.29359912872314 1.88477516174316 0 4
412048439490 122 -3.45905351638794 6.90268516540527 0 4
415068338550 122 3.81438779830933 -6.09979152679443 0 8
418088237610 122 4.95188331604004 -2.97413539886475 0 8
421108136670 122 2.76493048667908 -7.89395618438721 1000 8
406008641370 123 -3.48649382591248 1.08089065551758 0 4
409028540430 123 -4.3403058052063 2.01955127716064 0 4
412048439490 123 -3.36683177947998 7.0483226776123 0 4
415068338550 123 3.69432997703552 -6.21737766265869 0 8
418088237610 123 4.94230365753174 -3.18895840644836 0 8
421108136670 123 2.76493048667908 -7.89395618438721 1000 8
406008641370 124 -3.48649382591248 1.08089065551758 0 4
409028540430 124 -4.38701248168945 2.15432739257813 0 4
412048439490 124 -3.27461004257202 7.19396018981934 0 4
415068338550 124 3.57427215576172 -6.33496379852295 0 8
418088237610 124 4.93272399902344 -3.40378141403198 0 8
421108136670 124 2.76493048667908 -7.89395618438721 1000 8
406008641370 125 -3.51184606552124 1.11687660217285 0 4
409028540430 125 -4.4562554359436 2.27523040771484 0 4
412048439490 125 -3.15971255302429 7.31704711914063 0 4
415068338550 125 3.47456121444702 -6.48492956161499 0 8
418088237610 125 4.88461923599243 -3.608243227005 0 8
421108136670 125 2.76493048667908 -7.89395618438721 1000 8
406008641370 126 -3.57945203781128 1.21283912658691 0 4
409028540430 126 -4.56973123550415 2.39226531982422 0 4
412048439490 126 -2.99384760856628 7.42335510253906 0 4
415068338550 126 3.39161062240601 -6.70565938949585 0 8
418088237610 126 4.77093744277954 -3.82612538337708 0 8
421108136670 126 2.76493048667908 -7.89395618438721 1000 8
406008641370 127 -3.63860726356506 1.29680633544922 0 4
409028540430 127 -4.66902256011963 2.49467086791992 0 4
412048439490 127 -2.84871578216553 7.5163745880127 0 4
415068338550 127 3.31902885437012 -6.8987979888916 0 8
418088237610 127 4.67146587371826 -4.01677227020264 0 8
421108136670 127 2.76493048667908 -7.89395618438721 1000 8
406008641370 128 -3.77347111701965 1.38845062255859 0 4
409028540430 128 -4.73075342178345 2.62019824981689 0 4
412048439490 128 -2.74137687683105 7.6469783782959 0 4
415068338550 128 3.22504186630249 -7.0818657875061 0 8
418088237610 128 4.61073732376099 -4.22140407562256 0 8
421108136670 128 2.76493048667908 -7.89395618438721 1000 8
406008641370 129 -3.93861842155457 1.4831657409668 0 4
409028540430 129 -4.7774600982666 2.75497436523438 0 4
412048439490 129 -2.6491551399231 7.79261589050293 0 4
415068338550 129 3.12249279022217 -7.26090526580811 0 8
418088237610 129 4.56550598144531 -4.4316291809082 0 8
421108136670 129 2.76493048667908 -7.89395618438721 1000 8
406008641370 130 -4.12735795974731 1.59141159057617 0 4
409028540430 130 -4.83083915710449 2.90900421142578 0 4
412048439490 130 -2.54375886917114 7.95905876159668 1000 4
415068338550 130 3.00529384613037 -7.46552181243896 0 8
418088237610 130 4.51381301879883 -4.6718864440918 0 8
421108136670 130 2.76493048667908 -7.89395618438721 1000 8
406008641370 131 -4.24566841125488 1.75934600830078 0 4
409028540430 131 -4.81621265411377 3.05088996887207 0 4
412048439490 131 -2.54375886917114 7.95905876159668 1000 4
415068338550 131 2.83668684959412 -7.5844464302063 0 8
418088237610 131 4.38397359848022 -4.84329891204834 0 8
421108136670 131 2.76493048667908 -7.89395618438721 1000 8
406008641370 132 -4.36397886276245 1.92728042602539 0 4
409028540430 132 -4.80158615112305 3.19277572631836 0 4
412048439490 132 -2.54375886917114 7.95905876159668 1000 4
415068338550 132 2.66807985305786 -7.70337104797363 0 8
418088237610 132 4.25413417816162 -5.01471138000488 0 8
421108136670 132 2.76493048667908 -7.89395618438721 1000 8
406008641370 133 -4.48369359970093 2.12698936462402 0 4
409028540430 133 -4.77122688293457 3.35104370117188 0 4
412048439490 133 -2.54375886917114 7.95905876159668 1000 4
415068338550 133 2.32435464859009 -7.73214340209961 1000 8
418088237610 133 4.12992000579834 -5.22170066833496 0 8
421108136670 133 2.96413564682007 -7.96711921691895 1000 8
406008641370 134 -4.54776382446289 2.32216739654541 0 4
409028540430 134 -4.70884895324707 3.47932434082031 0 4
412048439490 134 -2.54375886917114 7.95905876159668 1000 4
415068338550 134 2.32435464859009 -7.73214340209961 1000 8
418088237610 134 4.08468866348267 -5.43192577362061 0 8
421108136670 134 2.96413564682007 -7.96711921691895 1000 8
406008641370 135 -4.61183404922485 2.5173454284668 0 4
409028540430 135 -4.64647102355957 3.60760498046875 0 4
412048439490 135 -2.54375886917114 7.95905876159668 1000 4
415068338550 135 2.32435464859009 -7.73214340209961 1000 8
418088237610 135 4.03945732116699 -5.64215087890625 0 8
421108136670 135 2.96413564682007 -7.96711921691895 1000 8
406008641370 136 -4.661217212677 2.71598243713379 0 4
409028540430 136 -4.60983085632324 3.74203109741211 0 4
412048439490 136 -2.54375886917114 7.95905876159668 1000 4
415068338550 136 2.32435464859009 -7.73214340209961 1000 8
418088237610 136 3.95796537399292 -5.83574199676514 0 8
421108136670 136 2.96413564682007 -7.96711921691895 1000 8
406008641370 137 -4.6952748298645 2.94826698303223 0 4
409028540430 137 -4.60717582702637 3.90502548217773 0 4
412048439490 137 -2.54375886917114 7.95905876159668 1000 4
415068338550 137 2.32435464859009 -7.73214340209961 1000 8
418088237610 137 3.80957746505737 -6.03164196014404 0 8
421108136670 137 2.96413564682007 -7.96711921691895 1000 8
406008641370 138 -4.72507524490356 3.15151596069336 0 4
409028540430 138 -4.6048526763916 4.04764556884766 0 4
412048439490 138 -2.54375886917114 7.95905876159668 1000 4
415068338550 138 2.32435464859009 -7.73214340209961 1000 8
418088237610 138 3.67973804473877 -6.20305442810059 0 8
421108136670 138 2.96413564682007 -7.96711921691895 1000 8
406008641370 139 -4.7049126625061 3.35349178314209 0 4
409028540430 139 -4.55963325500488 4.18002319335938 0 4
412048439490 139 -2.54375886917114 7.95905876159668 1000 4
415068338550 139 2.32435464859009 -7.73214340209961 1000 8
418088237610 139 3.56596326828003 -6.38511943817139 0 8
421108136670 139 2.96413564682007 -7.96711921691895 1000 8
406008641370 140 -4.66476488113403 3.55495834350586 0 4
409028540430 140 -4.49725532531738 4.30830383300781 0 4
412048439490 140 -2.54375886917114 7.95905876159668 1000 4
415068338550 140 2.32435464859009 -7.73214340209961 1000 8
418088237610 140 3.45861434936523 -6.57144546508789 0 8
421108136670 140 2.96413564682007 -7.96711921691895 1000 8
406008641370 141 -4.6188817024231 3.78520584106445 0 4
409028540430 141 -4.42596626281738 4.45491027832031 0 4
412048439490 141 -2.54375886917114 7.95905876159668 1000 4
415068338550 141 2.32435464859009 -7.73214340209961 1000 8
418088237610 141 3.33592987060547 -6.78438949584961 0 8
421108136670 141 2.96413564682007 -7.96711921691895 1000 8
406008641370 142 -4.57924461364746 3.87996101379395 0 4
409028540430 142 -4.40342903137207 4.59575462341309 0 4
412048439490 142 -2.54375886917114 7.95905876159668 1000 4
415068338550 142 2.32435464859009 -7.73214340209961 1000 8
418088237610 142 3.16287517547607 -6.91203260421753 0 8
421108136670 142 2.96413564682007 -7.96711921691895 1000 8
406008641370 143 -4.53960752487183 3.97471618652344 0 4
409028540430 143 -4.38089179992676 4.73659896850586 0 4
412048439490 143 -2.54375886917114 7.95905876159668 1000 4
415068338550 143 2.32435464859009 -7.73214340209961 1000 8
418088237610 143 2.98982048034668 -7.03967571258545 0 8
421108136670 143 2.96413564682007 -7.96711921691895 1000 8
406008641370 144 -4.50013208389282 4.06778717041016 0 4
409028540430 144 -4.33873176574707 4.89107322692871 0 4
412048439490 144 -2.54375886917114 7.95905876159668 1000 4
415068338550 144 2.32435464859009 -7.73214340209961 1000 8
418088237610 144 2.80682802200317 -7.19981384277344 0 8
421108136670 144 2.96413564682007 -7.96711921691895 1000 8
406008641370 145 -4.48087930679321 4.1092700958252 0 4
409028540430 145 -4.2587833404541 5.00920009613037 0 4
412048439490 145 -2.54375886917114 7.95905876159668 1000 4
415068338550 145 2.32435464859009 -7.73214340209961 1000 8
418088237610 145 2.68551850318909 -7.37736797332764 0 8
421108136670 145 2.96413564682007 -7.96711921691895 1000 8
406008641370 146 -4.4616265296936 4.15075302124023 0 4
409028540430 146 -4.17883491516113 5.12732696533203 0 4
412048439490 146 -2.54375886917114 7.95905876159668 1000 4
415068338550 146 2.32435464859009 -7.73214340209961 1000 8
418088237610 146 2.564208984375 -7.55492210388184 0 8
421108136670 146 2.96413564682007 -7.96711921691895 1000 8
406008641370 147 -4.45066213607788 4.19440174102783 0 4
409028540430 147 -4.12349128723145 5.25518989562988 0 4
412048439490 147 -2.54375886917114 7.95905876159668 1000 4
415068338550 147 2.32435464859009 -7.73214340209961 1000 8
418088237610 147 2.415611743927 -7.70337390899658 0 8
421108136670 147 2.96413564682007 -7.96711921691895 1000 8
406008641370 148 -4.45076131820679 4.24758625030518 0 4
409028540430 148 -4.09773445129395 5.4161548614502 0 4
412048439490 148 -2.54375886917114 7.95905876159668 1000 4
415068338550 148 2.32435464859009 -7.73214340209961 1000 8
418088237610 148 2.20420503616333 -7.82868671417236 0 8
421108136670 148 2.96413564682007 -7.96711921691895 1000 8
406008641370 149 -4.45084810256958 4.29412269592285 0 4
409028540430 149 -4.07519721984863 5.55699920654297 0 4
412048439490 149 -2.54375886917114 7.95905876159668 1000 4
415068338550 149 2.32435464859009 -7.73214340209961 1000 8
418088237610 149 2.01922416687012 -7.93833541870117 0 8
421108136670 149 2.96413564682007 -7.96711921691895 1000 8
406008641370 150 -4.43053102493286 4.35124969482422 0 4
409028540430 150 -4.01165199279785 5.68161678314209 0 4
412048439490 150 -2.54375886917114 7.95905876159668 1000 4
415068338550 150 2.37609386444092 -7.69781446456909 1000 8
418088237610 150 1.91463363170624 -8.00399208068848 1000 8
421108136670 150 2.96413564682007 -7.96711921691895 1000 8
406008641370 151 -4.40205240249634 4.41261291503906 0 4
409028540430 151 -3.93170213699341 5.79974365234375 0 4
412048439490 151 -2.54375886917114 7.95905876159668 1000 4
415068338550 151 2.37609386444092 -7.69781446456909 1000 8
418088237610 151 1.91463363170624 -8.00399208068848 1000 8
421108136670 151 2.96413564682007 -7.96711921691895 1000 8
406008641370 152 -4.36950540542603 4.48274230957031 0 4
409028540430 152 -3.84033060073853 5.93474578857422 0 4
412048439490 152 -2.54375886917114 7.95905876159668 1000 4
415068338550 152 2.37609386444092 -7.69781446456909 1000 8
418088237610 152 1.91463363170624 -8.00399208068848 1000 8
421108136670 152 2.96413564682007 -7.96711921691895 1000 8
406008641370 153 -4.36962556838989 4.54908561706543 0 4
409028540430 153 -3.79237723350525 6.06908798217773 0 4
412048439490 153 -2.54375886917114 7.95905876159668 1000 4
415068338550 153 2.37609386444092 -7.69781446456909 1000 8
418088237610 153 1.91463363170624 -8.00399208068848 1000 8
421108136670 153 2.96413564682007 -7.96711921691895 1000 8
406008641370 154 -4.36974573135376 4.61542892456055 0 4
409028540430 154 -3.74442386627197 6.20343017578125 0 4
412048439490 154 -2.54375886917114 7.95905876159668 1000 4
415068338550 154 2.37609386444092 -7.69781446456909 1000 8
418088237610 154 1.91463363170624 -8.00399208068848 1000 8
421108136670 154 2.96413564682007 -7.96711921691895 1000 8
406008641370 155 -4.35333395004272 4.70788192749023 0 4
409028540430 155 -3.68728590011597 6.35604858398438 0 4
412048439490 155 -2.54375886917114 7.95905876159668 1000 4
415068338550 155 2.37609386444092 -7.69781446456909 1000 8
418088237610 155 1.91463363170624 -8.00399208068848 1000 8
421108136670 155 2.96413564682007 -7.96711921691895 1000 8
406008641370 156 -4.2955322265625 4.83243751525879 0 4
409028540430 156 -3.63116312026978 6.48718643188477 0 4
412048439490 156 -2.54375886917114 7.95905876159668 1000 4
415068338550 156 2.37609386444092 -7.69781446456909 1000 8
418088237610 156 1.91463363170624 -8.00399208068848 1000 8
421108136670 156 2.96413564682007 -7.96711921691895 1000 8
406008641370 157 -4.23773050308228 4.95699310302734 0 4
409028540430 157 -3.57504034042358 6.61832427978516 0 4
412048439490 157 -2.54375886917114 7.95905876159668 1000 4
415068338550 157 2.37609386444092 -7.69781446456909 1000 8
418088237610 157 1.91463363170624 -8.00399208068848 1000 8
421108136670 157 2.96413564682007 -7.96711921691895 1000 8
406008641370 158 -4.20476961135864 5.06556701660156 0 4
409028540430 158 -3.50829601287842 6.7436056137085 0 4
412048439490 158 -2.54375886917114 7.95905876159668 1000 4
415068338550 158 2.37609386444092 -7.69781446456909 1000 8
418088237610 158 1.91463363170624 -8.00399208068848 1000 8
421108136670 158 2.96413564682007 -7.96711921691895 1000 8
406008641370 159 -4.20495271682739 5.16529846191406 0 4
409028540430 159 -3.41583156585693 6.8778600692749 0 4
412048439490 159 -2.54375886917114 7.95905876159668 1000 4
415068338550 159 2.37609386444092 -7.69781446456909 1000 8
418088237610 159 1.91463363170624 -8.00399208068848 1000 8
421108136670 159 2.96413564682007 -7.96711921691895 1000 8
406008641370 160 -4.20511293411255 5.2525634765625 0 4
409028540430 160 -3.33492517471313 6.99533271789551 0 4
412048439490 160 -2.54375886917114 7.95905876159668 1000 4
415068338550 160 2.37609386444092 -7.69781446456909 1000 8
418088237610 160 1.91463363170624 -8.00399208068848 1000 8
421108136670 160 2.96413564682007 -7.96711921691895 1000 8
406008641370 161 -4.15148591995239 5.39314842224121 0 4
409028540430 161 -3.25770711898804 7.11523246765137 0 4
412048439490 161 -2.54375886917114 7.95905876159668 1000 4
415068338550 161 2.37609386444092 -7.69781446456909 1000 8
418088237610 161 1.91463363170624 -8.00399208068848 1000 8
421108136670 161 2.96413564682007 -7.96711921691895 1000 8
406008641370 162 -4.07634401321411 5.55506134033203 0 4
409028540430 162 -3.18196439743042 7.23610305786133 0 4
412048439490 162 -2.54375886917114 7.95905876159668 1000 4
415068338550 162 2.37609386444092 -7.69781446456909 1000 8
418088237610 162 1.91463363170624 -8.00399208068848 1000 8
421108136670 162 2.96413564682007 -7.96711921691895 1000 8
406008641370 163 -3.99046754837036 5.74010467529297 0 4
409028540430 163 -3.09540128707886 7.37424087524414 0 4
412048439490 163 -2.54375886917114 7.95905876159668 1000 4
415068338550 163 2.37609386444092 -7.69781446456909 1000 8
418088237610 163 1.91463363170624 -8.00399208068848 1000 8
421108136670 163 2.96413564682007 -7.96711921691895 1000 8
406008641370 164 -3.98487496376038 5.81568717956543 0 4
409028540430 164 -2.97567391395569 7.45177268981934 0 4
412048439490 164 -2.54375886917114 7.95905876159668 1000 4
415068338550 164 2.37609386444092 -7.69781446456909 1000 8
418088237610 164 1.91463363170624 -8.00399208068848 1000 8
421108136670 164 2.96413564682007 -7.96711921691895 1000 8
406008641370 165 -3.97928237915039 5.89126968383789 0 4
409028540430 165 -2.85594654083252 7.52930450439453 0 4
412048439490 165 -2.54375886917114 7.95905876159668 1000 4
415068338550 165 2.37609386444092 -7.69781446456909 1000 8
418088237610 165 1.91463363170624 -8.00399208068848 1000 8
421108136670 165 2.96413564682007 -7.96711921691895 1000 8
406008641370 166 -3.96330451965332 5.98959350585938 0 4
409028540430 166 -2.73168230056763 7.63029479980469 0 4
412048439490 166 -2.54375886917114 7.95905876159668 1000 4
415068338550 166 2.37609386444092 -7.69781446456909 1000 8
418088237610 166 1.91463363170624 -8.00399208068848 1000 8
421108136670 166 2.96413564682007 -7.96711921691895 1000 8
406008641370 167 -3.92415976524353 6.10697937011719 0 4
409028540430 167 -2.65593957901001 7.75116539001465 0 4
412048439490 167 -2.54375886917114 7.95905876159668 1000 4
415068338550 167 2.37609386444092 -7.69781446456909 1000 8
418088237610 167 1.91463363170624 -8.00399208068848 1000 8
421108136670 167 2.96413564682007 -7.96711921691895 1000 8
406008641370 168 -3.88501501083374 6.224365234375 0 4
409028540430 168 -2.58019685745239 7.87203598022461 0 4
412048439490 168 -2.54375886917114 7.95905876159668 1000 4
415068338550 168 2.37609386444092 -7.69781446456909 1000 8
418088237610 168 1.91463363170624 -8.00399208068848 1000 8
421108136670 168 2.96413564682007 -7.96711921691895 1000 8
406008641370 169 -3.84288907051086 6.34018611907959 0 4
409028540430 169 -2.38756918907166 7.54930114746094 1000 4
412048439490 169 -2.6931049823761 8.35086345672607 1000 4
415068338550 169 2.37609386444092 -7.69781446456909 1000 8
418088237610 169 1.91463363170624 -8.00399208068848 1000 8
421108136670 169 2.96413564682007 -7.96711921691895 1000 8
406008641370 170 -3.79020237922668 6.4701681137085 0 4
409028540430 170 -2.38756918907166 7.54930114746094 1000 4
412048439490 170 -2.6931049823761 8.35086345672607 1000 4
415068338550 170 2.37609386444092 -7.69781446456909 1000 8
418088237610 170 1.91463363170624 -8.00399208068848 1000 8
421108136670 170 2.96413564682007 -7.96711921691895 1000 8
406008641370 171 -3.74410152435303 6.58390235900879 0 4
409028540430 171 -2.38756918907166 7.54930114746094 1000 4
412048439490 171 -2.6931049823761 8.35086345672607 1000 4
415068338550 171 2.37609386444092 -7.69781446456909 1000 8
418088237610 171 1.91463363170624 -8.00399208068848 1000 8
421108136670 171 2.96413564682007 -7.96711921691895 1000 8
406008641370 172 -3.67547249794006 6.71307182312012 0 4
409028540430 172 -2.38756918907166 7.54930114746094 1000 4
412048439490 172 -2.6931049823761 8.35086345672607 1000 4
415068338550 172 2.37609386444092 -7.69781446456909 1000 8
418088237610 172 1.91463363170624 -8.00399208068848 1000 8
421108136670 172 2.96413564682007 -7.96711921691895 1000 8
406008641370 173 -3.59783220291138 6.84841537475586 0 4
409028540430 173 -2.38756918907166 7.54930114746094 1000 4
412048439490 173 -2.6931049823761 8.35086345672607 1000 4
415068338550 173 2.37609386444092 -7.69781446456909 1000 8
418088237610 173 1.91463363170624 -8.00399208068848 1000 8
421108136670 173 2.96413564682007 -7.96711921691895 1000 8
406008641370 174 -3.50910043716431 7.00309371948242 0 4
409028540430 174 -2.38756918907166 7.54930114746094 1000 4
412048439490 174 -2.6931049823761 8.35086345672607 1000 4
415068338550 174 2.37609386444092 -7.69781446456909 1000 8
418088237610 174 1.91463363170624 -8.00399208068848 1000 8
421108136670 174 2.96413564682007 -7.96711921691895 1000 8
406008641370 175 -3.3421106338501 7.12273597717285 0 4
409028540430 175 -2.38756918907166 7.54930114746094 1000 4
412048439490 175 -2.6931049823761 8.35086345672607 1000 4
415068338550 175 2.37609386444092 -7.69781446456909 1000 8
418088237610 175 1.91463363170624 -8.00399208068848 1000 8
421108136670 175 2.96413564682007 -7.96711921691895 1000 8
406008641370 176 -3.17512083053589 7.24237823486328 0 4
409028540430 176 -2.38756918907166 7.54930114746094 1000 4
412048439490 176 -2.6931049823761 8.35086345672607 1000 4
415068338550 176 2.37609386444092 -7.69781446456909 1000 8
418088237610 176 1.91463363170624 -8.00399208068848 1000 8
421108136670 176 2.96413564682007 -7.96711921691895 1000 8
406008641370 177 -2.99660158157349 7.39175605773926 0 4
409028540430 177 -2.38756918907166 7.54930114746094 1000 4
412048439490 177 -2.6931049823761 8.35086345672607 1000 4
415068338550 177 2.37609386444092 -7.69781446456909 1000 8
418088237610 177 1.91463363170624 -8.00399208068848 1000 8
421108136670 177 2.96413564682007 -7.96711921691895 1000 8
406008641370 178 -2.87275362014771 7.55565166473389 0 4
409028540430 178 -2.38756918907166 7.54930114746094 1000 4
412048439490 178 -2.6931049823761 8.35086345672607 1000 4
415068338550 178 2.37609386444092 -7.69781446456909 1000 8
418088237610 178 1.91463363170624 -8.00399208068848 1000 8
421108136670 178 2.96413564682007 -7.96711921691895 1000 8
406008641370 179 -2.74890565872192 7.71954727172852 0 4
409028540430 179 -2.38756918907166 7.54930114746094 1000 4
412048439490 179 -2.6931049823761 8.35086345672607 1000 4
415068338550 179 2.37609386444092 -7.69781446456909 1000 8
418088237610 179 1.91463363170624 -8.00399208068848 1000 8
421108136670 179 2.96413564682007 -7.96711921691895 1000 8
