# framerate: 30 fps
# id frame x/m y/m z/m
3455938750310 0 -8.48364543914795 -8.43729877471924 0 4
3484124474870 0 -8.48363494873047 -8.43729877471924 0 4
3512310199430 0 -8.48371887207031 -8.43729877471924 0 4
3540495923990 0 -8.48355102539063 -8.43729877471924 0 4
3568681648550 0 -8.48355102539063 -8.43729877471924 0 4
3596867373110 0 -8.48355102539063 -8.43729877471924 0 4
3625053097670 0 -8.48388671875 -8.43729877471924 0 4
3653238822230 0 -8.48388671875 -8.43729877471924 0 4
3681424546790 0 -8.48388671875 -8.43729877471924 0 4
3709610271350 0 -8.48388671875 -8.43729877471924 0 4
3455938750310 1 -8.49195098876953 -8.26762008666992 0 4
3484124474870 1 -8.491943359375 -8.26762008666992 0 4
3512310199430 1 -8.49209594726563 -8.26762008666992 0 4
3540495923990 1 -8.49169921875 -8.26762008666992 0 4
3568681648550 1 -8.49169921875 -8.26762008666992 0 4
3596867373110 1 -8.49169921875 -8.26762008666992 0 4
3625053097670 1 -8.4923095703125 -8.26762008666992 0 4
3653238822230 1 -8.4923095703125 -8.26762008666992 0 4
3681424546790 1 -8.4923095703125 -8.26762008666992 0 4
3709610271350 1 -8.4923095703125 -8.26762008666992 0 4
3455938750310 2 -8.53326034545898 -7.93550586700439 0 4
3484124474870 2 -8.53327941894531 -7.93550586700439 0 4
3512310199430 2 -8.53341674804688 -7.93550777435303 0 4
3540495923990 2 -8.5328369140625 -7.93550109863281 0 4
3568681648550 2 -8.5328369140625 -7.93550109863281 0 4
3596867373110 2 -8.5328369140625 -7.93550109863281 0 4
3625053097670 2 -8.533447265625 -7.93550777435303 0 4
3653238822230 2 -8.533447265625 -7.93550777435303 0 4
3681424546790 2 -8.533447265625 -7.93550777435303 0 4
3709610271350 2 -8.533447265625 -7.93550777435303 0 4
3455938750310 3 -8.45891952514648 -7.48830890655518 0 4
3484124474870 3 -8.45893859863281 -7.48830890655518 0 4
3512310199430 3 -8.45895385742188 -7.48832607269287 0 4
3540495923990 3 -8.4586181640625 -7.48826599121094 0 4
3568681648550 3 -8.4586181640625 -7.48826599121094 0 4
3596867373110 3 -8.4586181640625 -7.48826599121094 0 4
3625053097670 3 -8.459228515625 -7.48832607269287 0 4
3653238822230 3 -8.459228515625 -7.48832607269287 0 4
3681424546790 3 -8.459228515625 -7.48832607269287 0 4
3709610271350 3 -8.459228515625 -7.48832607269287 0 4
3455938750310 4 -8.47690391540527 -7.0366792678833 0 4
3484124474870 4 -8.47688293457031 -7.0366792678833 0 4
3512310199430 4 -8.47698974609375 -7.03669834136963 0 4
3540495923990 4 -8.4766845703125 -7.03664493560791 0 4
3568681648550 4 -8.4766845703125 -7.03664493560791 0 4
3596867373110 4 -8.4766845703125 -7.03664493560791 0 4
3625053097670 4 -8.477294921875 -7.03669166564941 0 4
3653238822230 4 -8.477294921875 -7.03669166564941 0 4
3681424546790 4 -8.477294921875 -7.03669166564941 0 4
3709610271350 4 -8.477294921875 -7.03669166564941 0 4
3455938750310 5 -8.53678321838379 -6.5878734588623 0 4
3484124474870 5 -8.53677368164063 -6.58787822723389 0 4
3512310199430 5 -8.53692626953125 -6.58788776397705 0 4
3540495923990 5 -8.53662109375 -6.58785915374756 0 4
3568681648550 5 -8.53662109375 -6.58785915374756 0 4
3596867373110 5 -8.53662109375 -6.58785915374756 0 4
3625053097670 5 -8.5372314453125 -6.58786869049072 0 4
3653238822230 5 -8.5372314453125 -6.58786869049072 0 4
3681424546790 5 -8.5372314453125 -6.58786869049072 0 4
3709610271350 5 -8.5372314453125 -6.58786869049072 0 4
3455938750310 6 -8.54316139221191 -6.14388847351074 0 4
3484124474870 6 -8.54319763183594 -6.14389801025391 0 4
3512310199430 6 -8.54330444335938 -6.14390659332275 0 4
3540495923990 6 -8.5430908203125 -6.14387989044189 0 4
3568681648550 6 -8.5430908203125 -6.14387989044189 0 4
3596867373110 6 -8.5430908203125 -6.14387989044189 0 4
3625053097670 6 -8.543701171875 -6.14388942718506 0 4
3653238822230 6 -8.543701171875 -6.14388942718506 0 4
3681424546790 6 -8.543701171875 -6.14388942718506 0 4
3709610271350 6 -8.543701171875 -6.14388942718506 0 4
3455938750310 7 -8.4362964630127 -5.70350933074951 0 4
3484124474870 7 -8.43637084960938 -5.70351982116699 0 4
3512310199430 7 -8.43637084960938 -5.7035493850708 0 4
3540495923990 7 -8.4364013671875 -5.70348072052002 0 4
3568681648550 7 -8.4364013671875 -5.70348072052002 0 4
3596867373110 7 -8.4364013671875 -5.70348072052002 0 4
3625053097670 7 -8.4368896484375 -5.70356273651123 0 4
3653238822230 7 -8.4368896484375 -5.70356273651123 0 4
3681424546790 7 -8.4368896484375 -5.70356273651123 0 4
3709610271350 7 -8.4368896484375 -5.70356273651123 0 4
3455938750310 8 -8.36184883117676 -5.25632762908936 0 4
3484124474870 8 -8.36190795898438 -5.25634574890137 0 4
3512310199430 8 -8.36190795898438 -5.25638294219971 0 4
3540495923990 8 -8.3621826171875 -5.25629901885986 0 4
3568681648550 8 -8.3621826171875 -5.25629901885986 0 4
3596867373110 8 -8.3621826171875 -5.25629901885986 0 4
3625053097670 8 -8.3616943359375 -5.25642681121826 0 4
3653238822230 8 -8.3616943359375 -5.25642681121826 0 4
3681424546790 8 -8.3616943359375 -5.25642681121826 0 4
3709610271350 8 -8.3616943359375 -5.25642681121826 0 4
3455938750310 9 -8.21889495849609 -4.8269567489624 0 4
3484124474870 9 -8.21897888183594 -4.82698249816895 0 4
3512310199430 9 -8.2188720703125 -4.82702732086182 0 4
3540495923990 9 -8.21917724609375 -4.82694149017334 0 4
3568681648550 9 -8.21917724609375 -4.82694149017334 0 4
3596867373110 9 -8.21917724609375 -4.82694149017334 0 4
3625053097670 9 -8.2181396484375 -4.8271017074585 0 4
3653238822230 9 -8.2181396484375 -4.8271017074585 0 4
3681424546790 9 -8.2181396484375 -4.8271017074585 0 4
3709610271350 9 -8.2181396484375 -4.8271017074585 0 4
3455938750310 10 -8.18783378601074 -4.38478088378906 0 4
3484124474870 10 -8.18788146972656 -4.38480472564697 0 4
3512310199430 10 -8.18780517578125 -4.38485240936279 0 4
3540495923990 10 -8.1881103515625 -4.38476657867432 0 4
3568681648550 10 -8.1881103515625 -4.38476657867432 0 4
3596867373110 10 -8.1881103515625 -4.38476657867432 0 4
3625053097670 10 -8.1868896484375 -4.38493347167969 0 4
3653238822230 10 -8.1868896484375 -4.38493347167969 0 4
3681424546790 10 -8.1868896484375 -4.38493347167969 0 4
3709610271350 10 -8.1868896484375 -4.38493347167969 0 4
3455938750310 11 -8.15677261352539 -3.94260501861572 0 4
3484124474870 11 -8.15678405761719 -3.942626953125 0 4
3512310199430 11 -8.15673828125 -3.94267821311951 0 4
3540495923990 11 -8.15704345703125 -3.94259238243103 0 4
3568681648550 11 -8.15704345703125 -3.94259238243103 0 4
3596867373110 11 -8.15704345703125 -3.94259238243103 0 4
3625053097670 11 -8.1556396484375 -3.94276595115662 0 4
3653238822230 11 -8.1556396484375 -3.94276595115662 0 4
3681424546790 11 -8.1556396484375 -3.94276595115662 0 4
3709610271350 11 -8.1556396484375 -3.94276595115662 0 4
3455938750310 12 -7.98327255249023 -3.52884674072266 0 4
3484124474870 12 -7.98330688476563 -3.52887725830078 0 4
3512310199430 12 -7.983154296875 -3.5289409160614 0 4
3540495923990 12 -7.98345947265625 -3.52885460853577 0 4
3568681648550 12 -7.98345947265625 -3.52885460853577 0 4
3596867373110 12 -7.98345947265625 -3.52885460853577 0 4
3625053097670 12 -7.9815673828125 -3.5290629863739 0 4
3653238822230 12 -7.9815673828125 -3.52906346321106 0 4
3681424546790 12 -7.9815673828125 -3.5290629863739 0 4
3709610271350 12 -7.9815673828125 -3.5290629863739 0 4
3455938750310 13 -7.66445541381836 -3.20656585693359 0 4
3484124474870 13 -7.66445922851563 -3.20661163330078 0 4
3512310199430 13 -7.664306640625 -3.20669436454773 0 4
3540495923990 13 -7.66461181640625 -3.20660424232483 0 4
3568681648550 13 -7.66461181640625 -3.20660424232483 0 4
3596867373110 13 -7.66461181640625 -3.20660424232483 0 4
3625053097670 13 -7.6622314453125 -3.20687747001648 0 4
3653238822230 13 -7.6622314453125 -3.2068817615509 0 4
3681424546790 13 -7.6622314453125 -3.20687747001648 0 4
3709610271350 13 -7.6622314453125 -3.20687747001648 0 4
3455938750310 14 -7.3427209854126 -2.88719892501831 0 4
3484124474870 14 -7.34272766113281 -2.88724327087402 0 4
3512310199430 14 -7.34268188476563 -2.88730835914612 0 4
3540495923990 14 -7.3427734375 -2.88725113868713 0 4
3568681648550 14 -7.3427734375 -2.88725113868713 0 4
3596867373110 14 -7.3427734375 -2.88725113868713 0 4
3625053097670 14 -7.34033203125 -2.88735556602478 0 4
3653238822230 14 -7.34033203125 -2.88736033439636 0 4
3681424546790 14 -7.34033203125 -2.88735556602478 0 4
3709610271350 14 -7.34033203125 -2.88735556602478 0 4
3455938750310 15 -6.95518589019775 -2.6720175743103 0 4
3484124474870 15 -6.9552001953125 -2.67205572128296 0 4
3512310199430 15 -6.9552001953125 -2.67209315299988 0 4
3540495923990 15 -6.9552001953125 -2.67208361625671 0 4
3568681648550 15 -6.9552001953125 -2.67208361625671 0 4
3596867373110 15 -6.9552001953125 -2.67208361625671 0 4
3625053097670 15 -6.9527587890625 -2.67194294929504 0 4
3653238822230 15 -6.9527587890625 -2.67194771766663 0 4
3681424546790 15 -6.9527587890625 -2.67194533348084 0 4
3709610271350 15 -6.9527587890625 -2.67194533348084 0 4
3455938750310 16 -6.51887607574463 -2.56450080871582 0 4
3484124474870 16 -6.51887512207031 -2.56453132629395 0 4
3512310199430 16 -6.5189208984375 -2.56455111503601 0 4
3540495923990 16 -6.5189208984375 -2.56456637382507 0 4
3568681648550 16 -6.5189208984375 -2.56456637382507 0 4
3596867373110 16 -6.5189208984375 -2.56456637382507 0 4
3625053097670 16 -6.5164794921875 -2.56437659263611 0 4
3653238822230 16 -6.5164794921875 -2.56438136100769 0 4
3681424546790 16 -6.5164794921875 -2.56437993049622 0 4
3709610271350 16 -6.5164794921875 -2.56437993049622 0 4
3455938750310 17 -6.07363796234131 -2.50913953781128 0 4
3484124474870 17 -6.07359313964844 -2.50916242599487 0 4
3512310199430 17 -6.07373046875 -2.5091860294342 0 4
3540495923990 17 -6.07373046875 -2.50917887687683 0 4
3568681648550 17 -6.07373046875 -2.50917887687683 0 4
3596867373110 17 -6.07373046875 -2.50917887687683 0 4
3625053097670 17 -6.0712890625 -2.50930428504944 0 4
3653238822230 17 -6.0712890625 -2.50930905342102 0 4
3681424546790 17 -6.0712890625 -2.50930428504944 0 4
3709610271350 17 -6.0712890625 -2.50930428504944 0 4
3455938750310 18 -5.67725276947021 -2.28916501998901 0 4
3484124474870 18 -5.67723083496094 -2.28918027877808 0 4
3512310199430 18 -5.67724609375 -2.28920769691467 0 4
3540495923990 18 -5.67724609375 -2.28918147087097 0 4
3568681648550 18 -5.67724609375 -2.28918147087097 0 4
3596867373110 18 -5.67724609375 -2.28918147087097 0 4
3625053097670 18 -5.6748046875 -2.28958535194397 0 4
3653238822230 18 -5.6748046875 -2.28959012031555 0 4
3681424546790 18 -5.6748046875 -2.28958535194397 0 4
3709610271350 18 -5.6748046875 -2.28958535194397 0 4
3455938750310 19 -5.23201465606689 -2.23380374908447 0 4
3484124474870 19 -5.23194885253906 -2.233811378479 0 4
3512310199430 19 -5.2320556640625 -2.23384261131287 0 4
3540495923990 19 -5.2320556640625 -2.23379397392273 0 4
3568681648550 19 -5.2320556640625 -2.23379397392273 0 4
3596867373110 19 -5.2320556640625 -2.23379397392273 0 4
3625053097670 19 -5.2296142578125 -2.2345130443573 0 4
3653238822230 19 -5.2296142578125 -2.23451781272888 0 4
3681424546790 19 -5.2296142578125 -2.23450970649719 0 4
3709610271350 19 -5.2296142578125 -2.23450970649719 0 4
3455938750310 20 -4.81469249725342 -2.08437776565552 0 4
3484124474870 20 -4.81462097167969 -2.08437776565552 0 4
3512310199430 20 -4.814697265625 -2.08441281318665 0 4
3540495923990 20 -4.814697265625 -2.08434367179871 0 4
3568681648550 20 -4.814697265625 -2.08434367179871 0 4
3596867373110 20 -4.814697265625 -2.08434367179871 0 4
3625053097670 20 -4.812255859375 -2.08535695075989 0 4
3653238822230 20 -4.812255859375 -2.08536171913147 0 4
3681424546790 20 -4.812255859375 -2.08535218238831 0 4
3709610271350 20 -4.812255859375 -2.08535218238831 0 4
3455938750310 21 -4.39737033843994 -1.9349524974823 0 4
3484124474870 21 -4.39729309082031 -1.93494415283203 0 4
3512310199430 21 -4.3973388671875 -1.93498253822327 0 4
3540495923990 21 -4.3973388671875 -1.93489289283752 0 4
3568681648550 21 -4.3973388671875 -1.93489289283752 0 4
3596867373110 21 -4.3973388671875 -1.93489289283752 0 4
3625053097670 21 -4.3948974609375 -1.93620133399963 0 4
3653238822230 21 -4.3948974609375 -1.93620491027832 0 4
3681424546790 21 -4.3948974609375 -1.93619537353516 0 4
3709610271350 21 -4.3948974609375 -1.93619537353516 0 4
3455938750310 22 -3.95213222503662 -1.87959289550781 0 4
3484124474870 22 -3.95201110839844 -1.87957525253296 0 4
3512310199430 22 -3.9521484375 -1.87961721420288 0 4
3540495923990 22 -3.9521484375 -1.8795051574707 0 4
3568681648550 22 -3.9521484375 -1.8795051574707 0 4
3596867373110 22 -3.9521484375 -1.8795051574707 0 4
3625053097670 22 -3.94970703125 -1.88112926483154 0 4
3653238822230 22 -3.94970703125 -1.8811309337616 0 4
3681424546790 22 -3.94970703125 -1.88112139701843 0 4
3709610271350 22 -3.94970703125 -1.88112139701843 0 4
3455938750310 23 -3.55574703216553 -1.65961837768555 0 4
3484124474870 23 -3.55564880371094 -1.65959310531616 0 4
3512310199430 23 -3.5556640625 -1.65963697433472 0 4
3540495923990 23 -3.5556640625 -1.65950584411621 0 4
3568681648550 23 -3.5556640625 -1.65950584411621 0 4
3596867373110 23 -3.5556640625 -1.65950584411621 0 4
3625053097670 23 -3.55322265625 -1.66141223907471 0 4
3653238822230 23 -3.55322265625 -1.66141200065613 0 4
3681424546790 23 -3.55322265625 -1.66140246391296 0 4
3709610271350 23 -3.55322265625 -1.66140246391296 0 4
3455938750310 24 -3.11051225662231 -1.60425877571106 0 4
3484124474870 24 -3.11036682128906 -1.60422420501709 0 4
3512310199430 24 -3.1104736328125 -1.60427165031433 0 4
3540495923990 24 -3.1104736328125 -1.60411810874939 0 4
3568681648550 24 -3.1104736328125 -1.60411810874939 0 4
3596867373110 24 -3.1104736328125 -1.60411810874939 0 4
3625053097670 24 -3.1080322265625 -1.60634016990662 0 4
3653238822230 24 -3.1080322265625 -1.6063380241394 0 4
3681424546790 24 -3.1080322265625 -1.60632848739624 0 4
3709610271350 24 -3.1080322265625 -1.60632848739624 0 4
3455938750310 25 -2.65878295898438 -1.5664324760437 0 4
3484124474870 25 -2.65863037109375 -1.56640625 0 4
3512310199430 25 -2.65878295898438 -1.56644320487976 0 4
3540495923990 25 -2.65863037109375 -1.56631922721863 0 4
3568681648550 25 -2.65863037109375 -1.56631922721863 0 4
3596867373110 25 -2.65863037109375 -1.56631922721863 0 4
3625053097670 25 -2.656494140625 -1.56813216209412 0 4
3653238822230 25 -2.656494140625 -1.56813168525696 0 4
3681424546790 25 -2.656494140625 -1.56812334060669 0 4
3709610271350 25 -2.656494140625 -1.56812334060669 0 4
3455938750310 26 -2.21664237976074 -1.5980167388916 0 4
3484124474870 26 -2.21650695800781 -1.59800887107849 0 4
3512310199430 26 -2.21661376953125 -1.59802675247192 0 4
3540495923990 26 -2.21630859375 -1.5979630947113 0 4
3568681648550 26 -2.21630859375 -1.5979630947113 0 4
3596867373110 26 -2.21630859375 -1.5979630947113 0 4
3625053097670 26 -2.2144775390625 -1.59894633293152 0 4
3653238822230 26 -2.2144775390625 -1.59894895553589 0 4
3681424546790 26 -2.2144775390625 -1.59894323348999 0 4
3709610271350 26 -2.2144775390625 -1.59894251823425 0 4
3455938750310 27 -1.78822469711304 -1.74532437324524 0 4
3484124474870 27 -1.78810119628906 -1.74533295631409 0 4
3512310199430 27 -1.7880859375 -1.74533271789551 0 4
3540495923990 27 -1.78778076171875 -1.74532604217529 0 4
3568681648550 27 -1.78778076171875 -1.74532604217529 0 4
3596867373110 27 -1.78778076171875 -1.74532604217529 0 4
3625053097670 27 -1.785888671875 -1.74554252624512 0 4
3653238822230 27 -1.785888671875 -1.74554705619812 0 4
3681424546790 27 -1.785888671875 -1.74554491043091 0 4
3709610271350 27 -1.785888671875 -1.74554252624512 0 4
3455938750310 28 -1.34738683700562 -1.85102391242981 0 4
3484124474870 28 -1.34730529785156 -1.85104393959045 0 4
3512310199430 28 -1.34716796875 -1.85103225708008 0 4
3540495923990 28 -1.34686279296875 -1.85106754302979 0 4
3568681648550 28 -1.34686279296875 -1.85106754302979 0 4
3596867373110 28 -1.34686279296875 -1.85106754302979 0 4
3625053097670 28 -1.344482421875 -1.85075759887695 0 4
3653238822230 28 -1.344482421875 -1.85076403617859 0 4
3681424546790 28 -1.344482421875 -1.85076379776001 0 4
3709610271350 28 -1.344482421875 -1.85076141357422 0 4
3455938750310 29 -0.89568591117859 -1.8717348575592 0 4
3484124474870 29 -0.89561462402344 -1.87175798416138 0 4
3512310199430 29 -0.89535522460938 -1.87174487113953 0 4
3540495923990 29 -0.895263671875 -1.87180042266846 0 4
3568681648550 29 -0.895263671875 -1.87180042266846 0 4
3596867373110 29 -0.895263671875 -1.87180042266846 0 4
3625053097670 29 -0.892822265625 -1.87136960029602 0 4
3653238822230 29 -0.892822265625 -1.87137460708618 0 4
3681424546790 29 -0.892822265625 -1.87137627601624 0 4
3709610271350 29 -0.892822265625 -1.87137389183044 0 4
3455938750310 30 -0.45076048374176 -1.80655813217163 0 4
3484124474870 30 -0.45068359375 -1.80657958984375 0 4
3512310199430 30 -0.45037841796875 -1.80657362937927 0 4
3540495923990 30 -0.45037841796875 -1.80662369728088 0 4
3568681648550 30 -0.45037841796875 -1.80662369728088 0 4
3596867373110 30 -0.45037841796875 -1.80662369728088 0 4
3625053097670 30 -0.4476318359375 -1.80630159378052 0 4
3653238822230 30 -0.4476318359375 -1.80630469322205 0 4
3681424546790 30 -0.4476318359375 -1.80630707740784 0 4
3709610271350 30 -0.4476318359375 -1.80630469322205 0 4
3455938750310 31 -0.00894650630653 -1.77069902420044 0 4
3484124474870 31 -0.00886535644531 -1.77071595191956 0 4
3512310199430 31 -0.00851440429688 -1.77072215080261 0 4
3540495923990 31 -0.00860595703125 -1.77075242996216 0 4
3568681648550 31 -0.00860595703125 -1.77075242996216 0 4
3596867373110 31 -0.00860595703125 -1.77075242996216 0 4
3625053097670 31 -0.00537109375 -1.77064275741577 0 4
3653238822230 31 -0.00537109375 -1.7706446647644 0 4
3681424546790 31 -0.00537109375 -1.7706470489502 0 4
3709610271350 31 -0.00537109375 -1.7706446647644 0 4
3455938750310 32 0.43538084626198 -1.83292722702026 0 4
3484124474870 32 0.43545532226563 -1.83293867111206 0 4
3512310199430 32 0.4359130859375 -1.83295798301697 0 4
3540495923990 32 0.43560791015625 -1.83296751976013 0 4
3568681648550 32 0.43560791015625 -1.83296751976013 0 4
3596867373110 32 0.43560791015625 -1.83296751976013 0 4
3625053097670 32 0.4393310546875 -1.83307123184204 0 4
3653238822230 32 0.4393310546875 -1.83307290077209 0 4
3681424546790 32 0.4393310546875 -1.83307528495789 0 4
3709610271350 32 0.4393310546875 -1.83307290077209 0 4
3455938750310 33 0.87530988454819 -1.72350263595581 0 4
3484124474870 33 0.87539672851563 -1.72351026535034 0 4
3512310199430 33 0.8758544921875 -1.72354102134705 0 4
3540495923990 33 0.87554931640625 -1.72353148460388 0 4
3568681648550 33 0.87554931640625 -1.72353148460388 0 4
3596867373110 33 0.87554931640625 -1.72353148460388 0 4
3625053097670 33 0.8797607421875 -1.72384691238403 0 4
3653238822230 33 0.8797607421875 -1.72384667396545 0 4
3681424546790 33 0.8797607421875 -1.72384905815125 0 4
3709610271350 33 0.8797607421875 -1.72384667396545 0 4
3455938750310 34 1.31963729858398 -1.78573083877563 0 4
3484124474870 34 1.31971740722656 -1.78573298454285 0 4
3512310199430 34 1.32028198242188 -1.7857768535614 0 4
3540495923990 34 1.31976318359375 -1.78574657440186 0 4
3568681648550 34 1.31976318359375 -1.78574657440186 0 4
3596867373110 34 1.31976318359375 -1.78574657440186 0 4
3625053097670 34 1.324462890625 -1.7862753868103 0 4
3653238822230 34 1.324462890625 -1.78627490997314 0 4
3681424546790 34 1.324462890625 -1.78627729415894 0 4
3709610271350 34 1.324462890625 -1.78627490997314 0 4
3455938750310 35 1.73940181732178 -1.94599843025208 0 4
3484124474870 35 1.73948669433594 -1.94599962234497 0 4
3512310199430 35 1.74002075195313 -1.94604730606079 0 4
3540495923990 35 1.73956298828125 -1.94600796699524 0 4
3568681648550 35 1.73956298828125 -1.94600796699524 0 4
3596867373110 35 1.73956298828125 -1.94600796699524 0 4
3625053097670 35 1.744140625 -1.94656801223755 0 4
3653238822230 35 1.744140625 -1.94656991958618 0 4
3681424546790 35 1.744140625 -1.94657111167908 0 4
3709610271350 35 1.744140625 -1.94656872749329 0 4
3455938750310 36 2.13830304145813 -2.16082787513733 0 4
3484124474870 36 2.13838195800781 -2.16083240509033 0 4
3512310199430 36 2.13888549804688 -2.16088533401489 0 4
3540495923990 36 2.13848876953125 -2.16084122657776 0 4
3568681648550 36 2.13848876953125 -2.16084122657776 0 4
3596867373110 36 2.13848876953125 -2.16084122657776 0 4
3625053097670 36 2.1429443359375 -2.1613917350769 0 4
3653238822230 36 2.1429443359375 -2.16139602661133 0 4
3681424546790 36 2.1429443359375 -2.16139817237854 0 4
3709610271350 36 2.1429443359375 -2.16139578819275 0 4
3455938750310 37 2.51079487800598 -2.41092467308044 0 4
3484124474870 37 2.51083374023438 -2.41093301773071 0 4
3512310199430 37 2.51144409179688 -2.41100072860718 0 4
3540495923990 37 2.5108642578125 -2.41094899177551 0 4
3568681648550 37 2.5108642578125 -2.41094899177551 0 4
3596867373110 37 2.5108642578125 -2.41094899177551 0 4
3625053097670 37 2.5157470703125 -2.41159820556641 0 4
3653238822230 37 2.5157470703125 -2.41160583496094 0 4
3681424546790 37 2.5157470703125 -2.41161179542542 0 4
3709610271350 37 2.5157470703125 -2.41160941123962 0 4
3455938750310 38 2.7654869556427 -2.78594756126404 0 4
3484124474870 38 2.76547241210938 -2.78595972061157 0 4
3512310199430 38 2.76608276367188 -2.78603887557983 0 4
3540495923990 38 2.7657470703125 -2.78597950935364 0 4
3568681648550 38 2.7657470703125 -2.78597950935364 0 4
3596867373110 38 2.7657470703125 -2.78597950935364 0 4
3625053097670 38 2.7706298828125 -2.78669738769531 0 4
3653238822230 38 2.7706298828125 -2.78670501708984 0 4
3681424546790 38 2.7706298828125 -2.78671479225159 0 4
3709610271350 38 2.7706298828125 -2.7867124080658 0 4
3455938750310 39 3.13797879219055 -3.03604435920715 0 4
3484124474870 39 3.13792419433594 -3.03606033325195 0 4
3512310199430 39 3.13864135742188 -3.03615427017212 0 4
3540495923990 39 3.13812255859375 -3.03608727455139 0 4
3568681648550 39 3.13812255859375 -3.03608727455139 0 4
3596867373110 39 3.13812255859375 -3.03608727455139 0 4
3625053097670 39 3.1434326171875 -3.03690385818481 0 4
3653238822230 39 3.1434326171875 -3.03691482543945 0 4
3681424546790 39 3.1434326171875 -3.03692841529846 0 4
3709610271350 39 3.1434326171875 -3.03692603111267 0 4
3455938750310 40 3.44315648078918 -3.35752749443054 0 4
3484124474870 40 3.44305419921875 -3.35754728317261 0 4
3512310199430 40 3.44381713867188 -3.35765409469604 0 4
3540495923990 40 3.443359375 -3.35757946968079 0 4
3568681648550 40 3.443359375 -3.35757946968079 0 4
3596867373110 40 3.443359375 -3.35757946968079 0 4
3625053097670 40 3.4488525390625 -3.35847759246826 0 4
3653238822230 40 3.4488525390625 -3.35848999023438 0 4
3681424546790 40 3.4488525390625 -3.35850739479065 0 4
3709610271350 40 3.4488525390625 -3.35850501060486 0 4
3455938750310 41 3.65169024467468 -3.75459599494934 0 4
3484124474870 41 3.65155029296875 -3.75461387634277 0 4
3512310199430 41 3.6522216796875 -3.75475931167603 0 4
3540495923990 41 3.65191650390625 -3.75466704368591 0 4
3568681648550 41 3.65191650390625 -3.75466704368591 0 4
3596867373110 41 3.65191650390625 -3.75466704368591 0 4
3625053097670 41 3.6568603515625 -3.75583696365356 0 4
3653238822230 41 3.6568603515625 -3.75584936141968 0 4
3681424546790 41 3.6568603515625 -3.75587058067322 0 4
3709610271350 41 3.6568603515625 -3.75586819648743 0 4
3455938750310 42 3.7967746257782 -4.18229627609253 0 4
3484124474870 42 3.796630859375 -4.1823034286499 0 4
3512310199430 42 3.79708862304688 -4.18252229690552 0 4
3540495923990 42 3.79681396484375 -4.18239593505859 0 4
3568681648550 42 3.79681396484375 -4.18239593505859 0 4
3596867373110 42 3.79681396484375 -4.18239593505859 0 4
3625053097670 42 3.8004150390625 -4.18411493301392 0 4
3653238822230 42 3.8004150390625 -4.18412733078003 0 4
3681424546790 42 3.8004150390625 -4.18415021896362 0 4
3709610271350 42 3.8004150390625 -4.18414783477783 0 4
3455938750310 43 4.03622770309448 -4.56722974777222 0 4
3484124474870 43 4.0361328125 -4.56722164154053 0 4
3512310199430 43 4.03659057617188 -4.56744050979614 0 4
3540495923990 43 4.03656005859375 -4.56729125976563 0 4
3568681648550 43 4.03656005859375 -4.56729125976563 0 4
3596867373110 43 4.03656005859375 -4.56729125976563 0 4
3625053097670 43 4.0396728515625 -4.56910943984985 0 4
3653238822230 43 4.0396728515625 -4.56912183761597 0 4
3681424546790 43 4.0396728515625 -4.56914472579956 0 4
3709610271350 43 4.0396728515625 -4.56914234161377 0 4
3455938750310 44 4.11370420455933 -5.00915384292603 0 4
3484124474870 44 4.11360168457031 -5.00913715362549 0 4
3512310199430 44 4.11416625976563 -5.00935649871826 0 4
3540495923990 44 4.11395263671875 -5.00920391082764 0 4
3568681648550 44 4.11395263671875 -5.00920391082764 0 4
3596867373110 44 4.11395263671875 -5.00920391082764 0 4
3625053097670 44 4.117431640625 -5.01105451583862 0 4
3653238822230 44 4.117431640625 -5.01106691360474 0 4
3681424546790 44 4.117431640625 -5.01108980178833 0 4
3709610271350 44 4.117431640625 -5.01108741760254 0 4
3455938750310 45 4.24835443496704 -5.43719434738159 0 4
3484124474870 45 4.24826049804688 -5.43716526031494 0 4
3512310199430 45 4.24871826171875 -5.43742752075195 0 4
3540495923990 45 4.2484130859375 -5.43724632263184 0 4
3568681648550 45 4.2484130859375 -5.43724632263184 0 4
3596867373110 45 4.2484130859375 -5.43724632263184 0 4
3625053097670 45 4.25146484375 -5.43938207626343 0 4
3653238822230 45 4.25146484375 -5.43939447402954 0 4
3681424546790 45 4.25146484375 -5.43941736221313 0 4
3709610271350 45 4.25146484375 -5.43941497802734 0 4
3455938750310 46 4.35962677001953 -5.83809518814087 0 4
3484124474870 46 4.35957336425781 -5.83805656433105 0 4
3512310199430 46 4.35980224609375 -5.8383617401123 0 4
3540495923990 46 4.3594970703125 -5.8381519317627 0 4
3568681648550 46 4.3594970703125 -5.8381519317627 0 4
3596867373110 46 4.3594970703125 -5.8381519317627 0 4
3625053097670 46 4.36163330078125 -5.84055709838867 0 4
3653238822230 46 4.36163330078125 -5.84056949615479 0 4
3681424546790 46 4.36163330078125 -5.84059238433838 0 4
3709610271350 46 4.36163330078125 -5.84059000015259 0 4
3455938750310 47 4.35871505737305 -6.29015302658081 0 4
3484124474870 47 4.35874176025391 -6.29011344909668 0 4
3512310199430 47 4.35873413085938 -6.29042148590088 0 4
3540495923990 47 4.35842895507813 -6.29020929336548 0 4
3568681648550 47 4.35842895507813 -6.29020929336548 0 4
3596867373110 47 4.35842895507813 -6.29020929336548 0 4
3625053097670 47 4.35955810546875 -6.29261493682861 0 4
3653238822230 47 4.35955810546875 -6.29262733459473 0 4
3681424546790 47 4.35955810546875 -6.29265022277832 0 4
3709610271350 47 4.35955810546875 -6.29264783859253 0 4
3455938750310 48 4.48820877075195 -6.72460126876831 0 4
3484124474870 48 4.48825836181641 -6.72454643249512 0 4
3512310199430 48 4.48812866210938 -6.7249002456665 0 4
3540495923990 48 4.48782348632813 -6.72464990615845 0 4
3568681648550 48 4.48782348632813 -6.72464990615845 0 4
3596867373110 48 4.48782348632813 -6.72464990615845 0 4
3625053097670 48 4.48748779296875 -6.72740650177002 0 4
3653238822230 48 4.48748779296875 -6.72741889953613 0 4
3681424546790 48 4.48748779296875 -6.72744178771973 0 4
3709610271350 48 4.48748779296875 -6.72743940353394 0 4
3455938750310 49 4.71757888793945 -7.11201238632202 0 4
3484124474870 49 4.7176513671875 -7.11193609237671 0 4
3512310199430 49 4.71730041503906 -7.11237287521362 0 4
3540495923990 49 4.71719360351563 -7.1120285987854 0 4
3568681648550 49 4.71719360351563 -7.1120285987854 0 4
3596867373110 49 4.71719360351563 -7.1120285987854 0 4
3625053097670 49 4.71539306640625 -7.11546468734741 0 4
3653238822230 49 4.71539306640625 -7.11547708511353 0 4
3681424546790 49 4.71539306640625 -7.11549997329712 0 4
3709610271350 49 4.71539306640625 -7.11549758911133 0 4
3455938750310 50 4.97236204147339 -7.48696374893188 0 4
3484124474870 50 4.97242736816406 -7.4868688583374 0 4
3512310199430 50 4.97196960449219 -7.48738861083984 0 4
3540495923990 50 4.97210693359375 -7.48693323135376 0 4
3568681648550 50 4.97210693359375 -7.48693323135376 0 4
3596867373110 50 4.97210693359375 -7.48693323135376 0 4
3625053097670 50 4.9691162109375 -7.4910945892334 0 4
3653238822230 50 4.9691162109375 -7.49111127853394 0 4
3681424546790 50 4.9691162109375 -7.49113416671753 0 4
3709610271350 50 4.9691162109375 -7.49112749099731 0 4
3455938750310 51 5.27082681655884 -7.81583452224731 0 4
3484124474870 51 5.27086639404297 -7.81571960449219 0 4
3512310199430 51 5.27037048339844 -7.81632995605469 0 4
3540495923990 51 5.270751953125 -7.81574106216431 0 4
3568681648550 51 5.270751953125 -7.81574106216431 0 4
3596867373110 51 5.270751953125 -7.81573867797852 0 4
3625053097670 51 5.26678466796875 -7.82071876525879 0 4
3653238822230 51 5.26678466796875 -7.82074546813965 0 4
3681424546790 51 5.26678466796875 -7.82076597213745 0 4
3709610271350 51 5.26678466796875 -7.82075166702271 0 4
3455938750310 52 5.66513967514038 -8.03441047668457 0 4
3484124474870 52 5.6651611328125 -8.03426551818848 0 4
3512310199430 52 5.66455078125 -8.03499889373779 0 4
3540495923990 52 5.6651611328125 -8.03423404693604 0 4
3568681648550 52 5.6651611328125 -8.0342321395874 0 4
3596867373110 52 5.6651611328125 -8.03422355651855 0 4
3625053097670 52 5.6602783203125 -8.04029083251953 0 4
3653238822230 52 5.6602783203125 -8.0403299331665 0 4
3681424546790 52 5.6602783203125 -8.04034519195557 0 4
3709610271350 52 5.6602783203125 -8.04032325744629 0 4
3455938750310 53 6.11637258529663 -8.07803535461426 0 4
3484124474870 53 6.1163330078125 -8.07785987854004 0 4
3512310199430 53 6.11572265625 -8.07873058319092 0 4
3540495923990 53 6.1163330078125 -8.07776737213135 0 4
3568681648550 53 6.1163330078125 -8.07776546478271 0 4
3596867373110 53 6.1163330078125 -8.07775688171387 0 4
3625053097670 53 6.1114501953125 -8.08506011962891 0 4
3653238822230 53 6.1114501953125 -8.08511447906494 0 4
3681424546790 53 6.1114501953125 -8.085129737854 0 4
3709610271350 53 6.1114501953125 -8.08509254455566 0 4
3455938750310 54 6.56184673309326 -8.01242351531982 0 4
3484124474870 54 6.56175231933594 -8.01225471496582 0 4
3512310199430 54 6.56114196777344 -8.01305198669434 0 4
3540495923990 54 6.56195068359375 -8.01213836669922 0 4
3568681648550 54 6.56195068359375 -8.01213645935059 0 4
3596867373110 54 6.56195068359375 -8.01212787628174 0 4
3625053097670 54 6.55706787109375 -8.01889419555664 0 4
3653238822230 54 6.55706787109375 -8.01895141601563 0 4
3681424546790 54 6.55706787109375 -8.01895427703857 0 4
3709610271350 54 6.55706787109375 -8.0189266204834 0 4
3455938750310 55 6.98360729217529 -7.8573956489563 0 4
3484124474870 55 6.98352813720703 -7.85724830627441 0 4
3512310199430 55 6.98284912109375 -7.85787868499756 0 4
3540495923990 55 6.9837646484375 -7.85711240768433 0 4
3568681648550 55 6.9837646484375 -7.85711050033569 0 4
3596867373110 55 6.9837646484375 -7.85710191726685 0 4
3625053097670 55 6.97833251953125 -7.86251020431519 0 4
3653238822230 55 6.97833251953125 -7.86256122589111 0 4
3681424546790 55 6.97833251953125 -7.86255693435669 0 4
3709610271350 55 6.97833251953125 -7.86253213882446 0 4
3455938750310 56 7.34904766082764 -7.60502433776855 0 4
3484124474870 56 7.34903717041016 -7.60490274429321 0 4
3512310199430 56 7.34823608398438 -7.60534858703613 0 4
3540495923990 56 7.34915161132813 -7.60474634170532 0 4
3568681648550 56 7.34915161132813 -7.60474681854248 0 4
3596867373110 56 7.34915161132813 -7.60473585128784 0 4
3625053097670 56 7.34259033203125 -7.6086277961731 0 4
3653238822230 56 7.34259033203125 -7.60867357254028 0 4
3681424546790 56 7.34259033203125 -7.60866165161133 0 4
3709610271350 56 7.34259033203125 -7.6086368560791 0 4
3455938750310 57 7.61782693862915 -7.24306964874268 0 4
3484124474870 57 7.61788177490234 -7.24296283721924 0 4
3512310199430 57 7.61695861816406 -7.24327659606934 0 4
3540495923990 57 7.61788940429688 -7.2427921295166 0 4
3568681648550 57 7.61788940429688 -7.24279975891113 0 4
3596867373110 57 7.61788940429688 -7.24278163909912 0 4
3625053097670 57 7.60980224609375 -7.24555969238281 0 4
3653238822230 57 7.60980224609375 -7.24560546875 0 4
3681424546790 57 7.60980224609375 -7.24558639526367 0 4
3709610271350 57 7.60980224609375 -7.24556159973145 0 4
3455938750310 58 7.72071695327759 -6.80156421661377 0 4
3484124474870 58 7.72078704833984 -6.80146503448486 0 4
3512310199430 58 7.71974182128906 -6.80172538757324 0 4
3540495923990 58 7.72091674804688 -6.80129432678223 0 4
3568681648550 58 7.72091674804688 -6.80130195617676 0 4
3596867373110 58 7.72091674804688 -6.80128383636475 0 4
3625053097670 58 7.71038818359375 -6.80363464355469 0 4
3653238822230 58 7.71038818359375 -6.80368041992188 0 4
3681424546790 58 7.71038818359375 -6.80366134643555 0 4
3709610271350 58 7.71038818359375 -6.80363655090332 0 4
3455938750310 59 7.66417169570923 -6.35834169387817 0 4
3484124474870 59 7.664306640625 -6.35823774337769 0 4
3512310199430 59 7.66304016113281 -6.35852527618408 0 4
3540495923990 59 7.66445922851563 -6.35806703567505 0 4
3568681648550 59 7.66445922851563 -6.35807466506958 0 4
3596867373110 59 7.66445922851563 -6.35806274414063 0 4
3625053097670 59 7.65228271484375 -6.36064958572388 0 4
3653238822230 59 7.65228271484375 -6.36069536209106 0 4
3681424546790 59 7.65228271484375 -6.36067628860474 0 4
3709610271350 59 7.65228271484375 -6.36065149307251 0 4
3455938750310 60 7.68121194839478 -5.91591167449951 0 4
3484124474870 60 7.68138885498047 -5.91580867767334 0 4
3512310199430 60 7.67994689941406 -5.91608619689941 0 4
3540495923990 60 7.68161010742188 -5.9156379699707 0 4
3568681648550 60 7.68161010742188 -5.91564559936523 0 4
3596867373110 60 7.68161010742188 -5.91563701629639 0 4
3625053097670 60 7.66741943359375 -5.91815376281738 0 4
3653238822230 60 7.66741943359375 -5.91819953918457 0 4
3681424546790 60 7.66741943359375 -5.91818046569824 0 4
3709610271350 60 7.66741943359375 -5.91815567016602 0 4
3455938750310 61 7.74444341659546 -5.47090864181519 0 4
3484124474870 61 7.74462127685547 -5.47081089019775 0 4
3512310199430 61 7.74313354492188 -5.47105169296265 0 4
3540495923990 61 7.74496459960938 -5.47064256668091 0 4
3568681648550 61 7.74496459960938 -5.47065019607544 0 4
3596867373110 61 7.74496459960938 -5.47064161300659 0 4
3625053097670 61 7.72161865234375 -5.47346782684326 0 4
3653238822230 61 7.72161865234375 -5.47351360321045 0 4
3681424546790 61 7.72161865234375 -5.47349452972412 0 4
3709610271350 61 7.72161865234375 -5.47346973419189 0 4
3455938750310 62 7.73252439498901 -5.02022743225098 0 4
3484124474870 62 7.73267364501953 -5.0201301574707 0 4
3512310199430 62 7.73130798339844 -5.0203709602356 0 4
3540495923990 62 7.73312377929688 -5.01996612548828 0 4
3568681648550 62 7.73312377929688 -5.01997375488281 0 4
3596867373110 62 7.73312377929688 -5.01996517181396 0 4
3625053097670 62 7.6859130859375 -5.02407360076904 0 4
3653238822230 62 7.6859130859375 -5.02411937713623 0 4
3681424546790 62 7.6859130859375 -5.0241003036499 0 4
3709610271350 62 7.6859130859375 -5.02407550811768 0 4
3455938750310 63 7.90208005905151 -4.59979438781738 0 4
3484124474870 63 7.90222930908203 -4.59970474243164 0 4
3512310199430 63 7.90098571777344 -4.59994554519653 0 4
3540495923990 63 7.90255737304688 -4.59949493408203 0 4
3568681648550 63 7.90255737304688 -4.59950256347656 0 4
3596867373110 63 7.90255737304688 -4.59949398040771 0 4
3625053097670 63 7.8323974609375 -4.59516429901123 0 4
3653238822230 63 7.8323974609375 -4.59521007537842 0 4
3681424546790 63 7.8323974609375 -4.59519100189209 0 4
3709610271350 63 7.8323974609375 -4.59516620635986 0 4
3455938750310 64 8.01458835601807 -4.16158294677734 0 4
3484124474870 64 8.01465606689453 -4.16148233413696 0 4
3512310199430 64 8.01393127441406 -4.16181612014771 0 4
3540495923990 64 8.01486206054688 -4.16123914718628 0 4
3568681648550 64 8.01486206054688 -4.16124677658081 0 4
3596867373110 64 8.01486206054688 -4.16123819351196 0 4
3625053097670 64 8.01776123046875 -4.181969165802 0 4
3653238822230 64 8.01776123046875 -4.18200874328613 0 4
3681424546790 64 8.01776123046875 -4.1819896697998 0 4
3709610271350 64 8.01776123046875 -4.18196487426758 0 4
3455938750310 65 8.11036777496338 -3.71849417686462 0 4
3484124474870 65 8.11032867431641 -3.7183723449707 0 4
3512310199430 65 8.11048889160156 -3.7188994884491 0 4
3540495923990 65 8.11013793945313 -3.71806979179382 0 4
3568681648550 65 8.11013793945313 -3.71807742118835 0 4
3596867373110 65 8.11013793945313 -3.71806883811951 0 4
3625053097670 65 8.10443115234375 -3.74778842926025 0 4
3653238822230 65 8.10443115234375 -3.74782466888428 0 4
3681424546790 65 8.10443115234375 -3.74780559539795 0 4
3709610271350 65 8.10443115234375 -3.74778079986572 0 4
3455938750310 66 8.16934299468994 -3.27187633514404 0 4
3484124474870 66 8.16915893554688 -3.27173972129822 0 4
3512310199430 66 8.17083740234375 -3.27241635322571 0 4
3540495923990 66 8.16824340820313 -3.27139043807983 0 4
3568681648550 66 8.16824340820313 -3.27139806747437 0 4
3596867373110 66 8.16824340820313 -3.27138948440552 0 4
3625053097670 66 8.09027099609375 -3.29539966583252 0 4
3653238822230 66 8.09027099609375 -3.29543590545654 0 4
3681424546790 66 8.09027099609375 -3.29541683197021 0 4
3709610271350 66 8.09027099609375 -3.29539203643799 0 4
3455938750310 67 8.16551780700684 -2.82105350494385 0 4
3484124474870 67 8.16510772705078 -2.8209216594696 0 4
3512310199430 67 8.16921997070313 -2.82158088684082 0 4
3540495923990 67 8.16323852539063 -2.82057929039001 0 4
3568681648550 67 8.16323852539063 -2.82058691978455 0 4
3596867373110 67 8.16323852539063 -2.82057809829712 0 4
3625053097670 67 8.05072021484375 -2.84632849693298 0 4
3653238822230 67 8.05072021484375 -2.84636473655701 0 4
3681424546790 67 8.05072021484375 -2.84634566307068 0 4
3709610271350 67 8.05072021484375 -2.84632086753845 0 4
3455938750310 68 8.34258079528809 -2.403733253479 0 4
3484124474870 68 8.34198760986328 -2.40350604057312 0 4
3512310199430 68 8.34841918945313 -2.4051456451416 0 4
3540495923990 68 8.33950805664063 -2.40287375450134 0 4
3568681648550 68 8.33950805664063 -2.40288138389587 0 4
3596867373110 68 8.33950805664063 -2.40286874771118 0 4
3625053097670 68 8.19427490234375 -2.41617941856384 0 4
3653238822230 68 8.19427490234375 -2.41621565818787 0 4
3681424546790 68 8.19427490234375 -2.41619658470154 0 4
3709610271350 68 8.19427490234375 -2.41617178916931 0 4
3455938750310 69 8.41330814361572 -1.95906972885132 0 4
3484124474870 69 8.41254425048828 -1.95881509780884 0 4
3512310199430 69 8.42050170898438 -1.96074414253235 0 4
3540495923990 69 8.40985107421875 -1.95810079574585 0 4
3568681648550 69 8.40985107421875 -1.95810842514038 0 4
3596867373110 69 8.40985107421875 -1.95809507369995 0 4
3625053097670 69 8.34417724609375 -1.98839509487152 0 4
3653238822230 69 8.34417724609375 -1.98842835426331 0 4
3681424546790 69 8.34417724609375 -1.98840916156769 0 4
3709610271350 69 8.34417724609375 -1.98838436603546 0 4
3455938750310 70 8.36915969848633 -1.5150238275528 0 4
3484124474870 70 8.36833953857422 -1.51476013660431 0 4
3512310199430 70 8.37681579589844 -1.51678109169006 0 4
3540495923990 70 8.36566162109375 -1.51400589942932 0 4
3568681648550 70 8.36566162109375 -1.51401352882385 0 4
3596867373110 70 8.36566162109375 -1.51400125026703 0 4
3625053097670 70 8.44830322265625 -1.54929614067078 0 4
3653238822230 70 8.44830322265625 -1.54932749271393 0 4
3681424546790 70 8.44830322265625 -1.54930746555328 0 4
3709610271350 70 8.44830322265625 -1.54928267002106 0 4
3455938750310 71 8.31602764129639 -1.07409870624542 0 4
3484124474870 71 8.31522369384766 -1.07383286952972 0 4
3512310199430 71 8.32357788085938 -1.0758820772171 0 4
3540495923990 71 8.312744140625 -1.07305729389191 0 4
3568681648550 71 8.312744140625 -1.07306492328644 0 4
3596867373110 71 8.312744140625 -1.07305335998535 0 4
3625053097670 71 8.454345703125 -1.10522305965424 0 4
3653238822230 71 8.454345703125 -1.10525369644165 0 4
3681424546790 71 8.454345703125 -1.10523426532745 0 4
3709610271350 71 8.454345703125 -1.10520887374878 0 4
3455938750310 72 8.38545227050781 -0.62863969802856 0 4
3484124474870 72 8.38463592529297 -0.62837725877762 0 4
3512310199430 72 8.39286804199219 -0.63038992881775 0 4
3540495923990 72 8.38250732421875 -0.62762999534607 0 4
3568681648550 72 8.38250732421875 -0.6276376247406 0 4
3596867373110 72 8.38250732421875 -0.62762439250946 0 4
3625053097670 72 8.33770751953125 -0.66964769363403 0 4
3653238822230 72 8.33770751953125 -0.66968142986298 0 4
3681424546790 72 8.33770751953125 -0.66966307163239 0 4
3709610271350 72 8.33770751953125 -0.6696366071701 0 4
3455938750310 73 8.27104187011719 -0.18998257815838 0 4
3484124474870 73 8.27025604248047 -0.18971373140812 0 4
3512310199430 73 8.27836608886719 -0.19178712368011 0 4
3540495923990 73 8.26824951171875 -0.18892042338848 0 4
3568681648550 73 8.26824951171875 -0.18892841041088 0 4
3596867373110 73 8.26824951171875 -0.18891672790051 0 4
3625053097670 73 8.40509033203125 -0.22132539749146 0 4
3653238822230 73 8.40509033203125 -0.22135722637177 0 4
3681424546790 73 8.40509033203125 -0.22133859992027 0 4
3709610271350 73 8.40509033203125 -0.22131240367889 0 4
3455938750310 74 8.31595516204834 0.25456976890564 0 4
3484124474870 74 8.31516265869141 0.25483605265617 0 4
3512310199430 74 8.32315063476563 0.25278648734093 0 4
3540495923990 74 8.3134765625 0.25561121106148 0 4
3568681648550 74 8.3134765625 0.25560346245766 0 4
3596867373110 74 8.3134765625 0.25561574101448 0 4
3625053097670 74 8.31298828125 0.21594952046871 0 4
3653238822230 74 8.31298828125 0.21591520309448 0 4
3681424546790 74 8.31298828125 0.21593335270882 0 4
3709610271350 74 8.31298828125 0.21596002578735 0 4
3455938750310 75 8.28733444213867 0.69640111923218 0 4
3484124474870 75 8.28655242919922 0.69666904211044 0 4
3512310199430 75 8.29441833496094 0.69460415840149 0 4
3540495923990 75 8.28509521484375 0.6974555850029 0 4
3568681648550 75 8.28509521484375 0.69744801521301 0 4
3596867373110 75 8.28509521484375 0.69745969772339 0 4
3625053097670 75 8.29449462890625 0.65832328796387 0 4
3653238822230 75 8.29449462890625 0.65828841924667 0 4
3681424546790 75 8.29449462890625 0.65830647945404 0 4
3709610271350 75 8.29449462890625 0.65833324193954 0 4
3455938750310 76 8.23420238494873 1.13732552528381 0 4
3484124474870 76 8.23343658447266 1.13759636878967 0 4
3512310199430 76 8.24118041992188 1.13550317287445 0 4
3540495923990 76 8.232177734375 1.13840425014496 0 4
3568681648550 76 8.232177734375 1.13839662075043 0 4
3596867373110 76 8.232177734375 1.13840758800507 0 4
3625053097670 76 8.300537109375 1.1023964881897 0 4
3653238822230 76 8.300537109375 1.10236215591431 0 4
3681424546790 76 8.300537109375 1.10237967967987 0 4
3709610271350 76 8.300537109375 1.10240697860718 0 4
3455938750310 77 8.30362701416016 1.5827853679657 0 4
3484124474870 77 8.30284881591797 1.5830512046814 0 4
3512310199430 77 8.31047058105469 1.5809953212738 0 4
3540495923990 77 8.30194091796875 1.5838315486908 0 4
3568681648550 77 8.30194091796875 1.58382391929626 0 4
3596867373110 77 8.30194091796875 1.58383655548096 0 4
3625053097670 77 8.18389892578125 1.53797113895416 0 4
3653238822230 77 8.18389892578125 1.53793513774872 0 4
3681424546790 77 8.18389892578125 1.53795087337494 0 4
3709610271350 77 8.18389892578125 1.53797996044159 0 4
3455938750310 78 8.18921661376953 2.02144312858582 0 4
3484124474870 78 8.18846893310547 2.02171468734741 0 4
3512310199430 78 8.19596862792969 2.01959776878357 0 4
3540495923990 78 8.18768310546875 2.022540807724 0 4
3568681648550 78 8.18768310546875 2.02253317832947 0 4
3596867373110 78 8.18768310546875 2.02254390716553 0 4
3625053097670 78 8.25128173828125 1.98629343509674 0 4
3653238822230 78 8.25128173828125 1.98625934123993 0 4
3681424546790 78 8.25128173828125 1.98627507686615 0 4
3709610271350 78 8.25128173828125 1.9863041639328 0 4
3455938750310 79 8.23412990570068 2.46599411964417 0 4
3484124474870 79 8.23337554931641 2.46626400947571 0 4
3512310199430 79 8.24075317382813 2.46417284011841 0 4
3540495923990 79 8.23291015625 2.46707391738892 0 4
3568681648550 79 8.23291015625 2.46706628799438 0 4
3596867373110 79 8.23291015625 2.46707701683044 0 4
3625053097670 79 8.1591796875 2.42356944084167 0 4
3653238822230 79 8.1591796875 2.42353224754334 0 4
3681424546790 79 8.1591796875 2.42354846000671 0 4
3709610271350 79 8.1591796875 2.42357707023621 0 4
3455938750310 80 8.20550918579102 2.90782427787781 0 4
3484124474870 80 8.20476531982422 2.90809679031372 0 4
3512310199430 80 8.21202087402344 2.90599131584167 0 4
3540495923990 80 8.20452880859375 2.90891909599304 0 4
3568681648550 80 8.20452880859375 2.90891146659851 0 4
3596867373110 80 8.20452880859375 2.90892219543457 0 4
3625053097670 80 8.14068603515625 2.86594367027283 0 4
3653238822230 80 8.14068603515625 2.86590480804443 0 4
3681424546790 80 8.14068603515625 2.86592316627502 0 4
3709610271350 80 8.14068603515625 2.8659496307373 0 4
3455938750310 81 8.15237712860107 3.34874749183655 0 4
3484124474870 81 8.15164947509766 3.34902405738831 0 4
3512310199430 81 8.15878295898438 3.34689092636108 0 4
3540495923990 81 8.151611328125 3.3498682975769 0 4
3568681648550 81 8.151611328125 3.34986066818237 0 4
3596867373110 81 8.151611328125 3.34987139701843 0 4
3625053097670 81 8.1595458984375 3.31312870979309 0 4
3653238822230 81 8.1595458984375 3.3130898475647 0 4
3681424546790 81 8.1595458984375 3.31311082839966 0 4
3709610271350 81 8.1595458984375 3.31313467025757 0 4
3455938750310 82 8.22292709350586 3.79447484016418 0 4
3484124474870 82 8.22220611572266 3.7947518825531 0 4
3512310199430 82 8.23500061035156 3.79330468177795 0 4
3540495923990 82 8.22845458984375 3.79621124267578 0 4
3568681648550 82 8.22845458984375 3.79620361328125 0 4
3596867373110 82 8.22845458984375 3.79621434211731 0 4
3625053097670 82 8.08392333984375 3.75753593444824 0 4
3653238822230 82 8.08392333984375 3.75749683380127 0 4
3681424546790 82 8.08392333984375 3.75751781463623 0 4
3709610271350 82 8.08392333984375 3.75754165649414 0 4
3455938750310 83 8.12652206420898 4.23743915557861 0 4
3484124474870 83 8.12613677978516 4.23778343200684 0 4
3512310199430 83 8.23133850097656 4.24662208557129 0 4
3540495923990 83 8.22747802734375 4.24954223632813 0 4
3568681648550 83 8.22747802734375 4.24953460693359 0 4
3596867373110 83 8.22747802734375 4.24954557418823 0 4
3625053097670 83 8.19232177734375 4.19780540466309 0 4
3653238822230 83 8.19232177734375 4.19776439666748 0 4
3681424546790 83 8.19232177734375 4.19778537750244 0 4
3709610271350 83 8.19232177734375 4.19780921936035 0 4
3455938750310 84 8.18956470489502 4.67978191375732 0 4
3484124474870 84 8.189453125 4.68008327484131 0 4
3512310199430 84 8.20545959472656 4.69909477233887 0 4
3540495923990 84 8.20230102539063 4.70201778411865 0 4
3568681648550 84 8.20230102539063 4.70201015472412 0 4
3596867373110 84 8.20230102539063 4.70202112197876 0 4
3625053097670 84 8.2174072265625 4.64866256713867 0 4
3653238822230 84 8.2174072265625 4.64862155914307 0 4
3681424546790 84 8.2174072265625 4.64864253997803 0 4
3709610271350 84 8.2174072265625 4.64866638183594 0 4
3455938750310 85 8.17901611328125 5.12241077423096 0 4
3484124474870 85 8.17920684814453 5.12272071838379 0 4
3512310199430 85 8.22416687011719 5.14990949630737 0 4
3540495923990 85 8.22207641601563 5.15272951126099 0 4
3568681648550 85 8.22207641601563 5.15272188186646 0 4
3596867373110 85 8.22207641601563 5.15273284912109 0 4
3625053097670 85 8.2738037109375 5.09628534317017 0 4
3653238822230 85 8.2738037109375 5.09624433517456 0 4
3681424546790 85 8.2738037109375 5.09626531600952 0 4
3709610271350 85 8.2738037109375 5.09628915786743 0 4
3455938750310 86 8.14393711090088 5.56513500213623 0 4
3484124474870 86 8.14443969726563 5.56547069549561 0 4
3512310199430 86 8.23393249511719 5.59758806228638 0 4
3540495923990 86 8.23324584960938 5.60033702850342 0 4
3568681648550 86 8.23324584960938 5.60032939910889 0 4
3596867373110 86 8.23324584960938 5.60034036636353 0 4
3625053097670 86 8.30816650390625 5.53909873962402 0 4
3653238822230 86 8.30816650390625 5.53905773162842 0 4
3681424546790 86 8.30816650390625 5.53907871246338 0 4
3709610271350 86 8.30816650390625 5.53910493850708 0 4
3455938750310 87 8.23151016235352 6.0073823928833 0 4
3484124474870 87 8.23227691650391 6.00765800476074 0 4
3512310199430 87 8.14340209960938 6.04146003723145 0 4
3540495923990 87 8.1434326171875 6.04437494277954 0 4
3568681648550 87 8.1434326171875 6.04436731338501 0 4
3596867373110 87 8.1434326171875 6.04437828063965 0 4
3625053097670 87 8.21087646484375 5.98160123825073 0 4
3653238822230 87 8.21087646484375 5.98155975341797 0 4
3681424546790 87 8.21087646484375 5.98158121109009 0 4
3709610271350 87 8.21087646484375 5.98161458969116 0 4
3455938750310 88 8.13510513305664 6.45034503936768 0 4
3484124474870 88 8.13620758056641 6.4506893157959 0 4
3512310199430 88 8.11947631835938 6.49416542053223 0 4
3540495923990 88 8.1199951171875 6.49710321426392 0 4
3568681648550 88 8.1199951171875 6.49709558486938 0 4
3596867373110 88 8.1199951171875 6.49710655212402 0 4
3625053097670 88 8.16302490234375 6.43242216110229 0 4
3653238822230 88 8.16302490234375 6.432373046875 0 4
3681424546790 88 8.16302490234375 6.43240213394165 0 4
3709610271350 88 8.16302490234375 6.43243551254272 0 4
3455938750310 89 8.0869312286377 6.67183351516724 0 4
3484124474870 89 8.08817291259766 6.67220497131348 0 4
3512310199430 89 8.08737182617188 6.71799087524414 0 4
3540495923990 89 8.088134765625 6.72096395492554 0 4
3568681648550 89 8.088134765625 6.72095632553101 0 4
3596867373110 89 8.088134765625 6.72096729278564 0 4
3625053097670 89 8.11651611328125 6.65354108810425 0 4
3653238822230 89 8.11651611328125 6.65348815917969 0 4
3681424546790 89 8.11651611328125 6.65351867675781 0 4
3709610271350 89 8.11651611328125 6.65355443954468 0 4
