# framerate: 30 fps
# id frame x/m y/m z/m
365240005830 0 8.71047306060791 -8.88275527954102 0 4
368259904890 0 9.15931797027588 -7.53911972045898 0 4
371279803950 0 6.61398935317993 -8.88054275512695 0 4
374299703010 0 7.13239526748657 -7.5434684753418 0 4
377319602070 0 -8.81527328491211 -7.01457214355469 0 8
380339501130 0 -8.22431182861328 -8.45548248291016 0 8
383359400190 0 -6.81553077697754 -7.06926536560059 0 8
386379299250 0 -6.25210189819336 -8.45996475219727 0 8
365240005830 1 7.82373142242432 -8.75214004516602 0 4
368259904890 1 8.19061374664307 -7.65924453735352 0 4
371279803950 1 5.41658449172974 -8.66817855834961 0 4
374299703010 1 6.07119417190552 -7.63094902038574 0 4
377319602070 1 -8.11163330078125 -7.18362998962402 0 8
380339501130 1 -7.1659107208252 -8.14666366577148 0 8
383359400190 1 -6.05369758605957 -7.17741203308105 0 8
386379299250 1 -5.34078979492188 -8.0977783203125 0 8
365240005830 2 6.95405673980713 -8.65122222900391 0 4
368259904890 2 7.23385906219482 -7.7131175994873 0 4
371279803950 2 4.21917963027954 -8.45581436157227 0 4
374299703010 2 4.98642778396606 -7.58759498596191 0 4
377319602070 2 -7.38813781738281 -7.1994514465332 0 8
380339501130 2 -6.10333633422852 -7.90132570266724 0 8
383359400190 2 -5.26987266540527 -7.09727478027344 0 8
386379299250 2 -4.48733711242676 -7.56984043121338 0 8
365240005830 3 6.08438205718994 -8.5503044128418 0 4
368259904890 3 6.27710437774658 -7.76699066162109 0 4
371279803950 3 3.23452520370483 -7.72427940368652 0 4
374299703010 3 4.10669183731079 -6.98770523071289 0 4
377319602070 3 -6.64867782592773 -7.23983955383301 0 8
380339501130 3 -4.99235343933105 -7.81477975845337 0 8
383359400190 3 -4.54569053649902 -6.83719825744629 0 8
386379299250 3 -3.77142333984375 -6.89512538909912 0 8
365240005830 4 5.21292400360107 -8.46601867675781 0 4
368259904890 4 5.32034969329834 -7.82086372375488 0 4
371279803950 4 2.33834791183472 -6.87777900695801 0 4
374299703010 4 3.22695207595825 -6.38781547546387 0 4
377319602070 4 -5.92093849182129 -7.25850296020508 0 8
380339501130 4 -3.92234992980957 -7.58462953567505 0 8
383359400190 4 -3.93284869194031 -6.34915542602539 0 8
386379299250 4 -3.03031826019287 -6.24608325958252 0 8
365240005830 5 4.56212711334229 -8.73655700683594 0 4
368259904890 5 4.41444492340088 -7.5084400177002 0 4
371279803950 5 1.51882696151733 -5.97931289672852 0 4
374299703010 5 2.65804243087769 -5.46732902526855 0 4
377319602070 5 -5.19763374328613 -7.41692733764648 0 8
380339501130 5 -2.9232234954834 -7.08550500869751 0 8
383359400190 5 -3.5041196346283 -5.71018409729004 0 8
386379299250 5 -2.20150852203369 -5.68979549407959 0 8
365240005830 6 3.69163227081299 -8.53601837158203 0 4
368259904890 6 3.50853538513184 -7.19601631164551 0 4
371279803950 6 0.76317995786667 -4.98916053771973 0 4
374299703010 6 2.01659631729126 -4.61742401123047 0 4
377319602070 6 -4.53119659423828 -7.2225399017334 0 8
380339501130 6 -1.9321790933609 -6.59037637710571 0 8
383359400190 6 -2.90403437614441 -5.20595741271973 0 8
386379299250 6 -1.26293909549713 -5.37227916717529 0 8
365240005830 7 2.88181972503662 -8.17747497558594 0 4
368259904890 7 2.64613246917725 -6.72813415527344 0 4
371279803950 7 -0.09484952688217 -4.09673118591309 0 4
374299703010 7 1.35717105865479 -3.77612352371216 0 4
377319602070 7 -4.09077072143555 -6.64268684387207 0 8
380339501130 7 -1.15569031238556 -5.78810739517212 0 8
383359400190 7 -2.3855311870575 -4.63460159301758 0 8
386379299250 7 -0.36505353450775 -4.951003074646 0 8
365240005830 8 2.10409832000732 -7.77539253234863 0 4
368259904890 8 1.78976154327393 -6.28998756408691 0 4
371279803950 8 -1.11781930923462 -3.42587375640869 0 4
374299703010 8 0.39901840686798 -3.31163167953491 0 4
377319602070 8 -3.61522245407104 -6.09093856811523 0 8
380339501130 8 -0.24642862379551 -5.17690706253052 0 8
383359400190 8 -1.78976130485535 -4.12517738342285 0 8
386379299250 8 0.58696383237839 -4.71577930450439 0 8
365240005830 9 1.42663669586182 -7.18805313110352 0 4
368259904890 9 0.89031314849854 -5.89785575866699 0 4
371279803950 9 -2.07240223884583 -2.64529132843018 0 4
374299703010 9 -0.66566330194473 -3.29559087753296 0 4
377319602070 9 -3.06983518600464 -5.59764099121094 0 8
380339501130 9 0.75965785980225 -4.70198678970337 0 8
383359400190 9 -1.03533577919006 -3.97374701499939 0 8
386379299250 9 1.39253485202789 -4.1565637588501 0 8
365240005830 10 0.87222766876221 -6.51044845581055 0 4
368259904890 10 -0.01457769423723 -5.52730560302734 0 4
371279803950 10 -2.88482785224915 -1.71428894996643 0 4
374299703010 10 -1.62381422519684 -2.83109903335571 0 4
377319602070 10 -2.59885835647583 -5.04821014404297 0 8
380339501130 10 1.55861902236938 -3.95975089073181 0 8
383359400190 10 -0.28176146745682 -3.76813960075378 0 8
386379299250 10 2.12912917137146 -3.47754287719727 0 8
365240005830 11 0.08339229226112 -6.13062858581543 0 4
368259904890 11 -0.74444973468781 -4.87113952636719 0 4
371279803950 11 -3.55598568916321 -0.66981208324432 0 4
374299703010 11 -2.54719495773315 -2.26555109024048 0 4
377319602070 11 -1.8702654838562 -4.91306495666504 0 8
380339501130 11 1.94339799880981 -3.10088133811951 0 8
383359400190 11 0.46658024191856 -3.58904433250427 0 8
386379299250 11 2.57760882377625 -2.57876682281494 0 8
365240005830 12 -0.6842086315155 -5.68540573120117 0 4
368259904890 12 -1.30092263221741 -4.09505653381348 0.0008268727106 4
371279803950 12 -4.18572044372559 0.40061369538307 0 4
374299703010 12 -3.2776665687561 -1.45628070831299 0 4
377319602070 12 -1.56317317485809 -4.74084520339966 0 8
380339501130 12 2.15781021118164 -2.03163599967957 0 8
383359400190 12 1.1165212392807 -3.14366888999939 0 8
386379299250 12 3.03757071495056 -1.68638348579407 0 8
365240005830 13 -1.46984219551086 -5.25304794311523 0 4
368259904890 13 -2.13330626487732 -3.60872435569763 0.0008268727106 4
371279803950 13 -4.78162384033203 1.48379468917847 0 4
374299703010 13 -3.92789125442505 -0.6130645275116 0 4
377319602070 13 -0.83951026201248 -4.74368715286255 0 8
380339501130 13 2.53959941864014 -1.01011967658997 0 8
383359400190 13 1.55447232723236 -2.49406886100769 0 8
386379299250 13 3.56860518455505 -0.83444428443909 0 8
365240005830 14 -2.13773465156555 -4.67855453491211 0 4
368259904890 14 -2.89783358573914 -3.0309886932373 0.0008268727106 4
371279803950 14 -5.30594444274902 2.5810399055481 0 4
374299703010 14 -4.51574420928955 0.29353761672974 0 4
377319602070 14 -0.14335185289383 -4.54605722427368 0 8
380339501130 14 3.0054407119751 0.00055814906955 0 8
383359400190 14 1.96271169185638 -1.84030711650848 0 8
386379299250 14 4.02031803131104 0.05970824509859 0 8
365240005830 15 -2.73535466194153 -4.01925086975098 0 4
368259904890 15 -3.34320878982544 -2.16440391540527 0.0008268727106 4
371279803950 15 -5.84634399414063 3.67045545578003 0 4
374299703010 15 -4.99208545684814 1.25395250320435 0 4
377319602070 15 0.57786375284195 -4.38701295852661 0 8
380339501130 15 3.48612117767334 0.99928659200668 0 8
383359400190 15 2.3596453666687 -1.16960465908051 0 8
386379299250 15 4.4684591293335 0.95572686195374 0 8
365240005830 16 -3.48129487037659 -3.5608811378479 0 4
368259904890 16 -3.84178018569946 -1.32484149932861 0.0008268727106 4
371279803950 16 -6.38674354553223 4.75987577438354 0 4
374299703010 16 -5.43580150604248 2.22190093994141 0 4
377319602070 16 1.22649693489075 -4.03844499588013 0 8
380339501130 16 4.04901933670044 1.93331527709961 0 8
383359400190 16 2.78786897659302 -0.50832569599152 0 8
386379299250 16 4.96901416778564 1.82034945487976 0 8
365240005830 17 -3.82662987709045 -2.73371171951294 0 4
368259904890 17 -4.23868036270142 -0.42713582515717 0.0008268727106 4
371279803950 17 -6.92714309692383 5.84929609298706 0 4
374299703010 17 -5.94836330413818 3.15521907806396 0 4
377319602070 17 1.8187358379364 -3.59548783302307 0 8
380339501130 17 4.61191606521606 2.86734342575073 0 8
383359400190 17 3.21601629257202 0.15322703123093 0 8
386379299250 17 5.3601541519165 2.71961188316345 0 8
365240005830 18 -4.25280284881592 -1.95260953903198 0 4
368259904890 18 -4.73872995376587 0.41202253103256 0.0008268727106 4
371279803950 18 -7.46332740783691 6.94208288192749 1000 4
374299703010 18 -6.37838459014893 4.14831686019897 0 4
377319602070 18 2.2695791721344 -3.0294201374054 0 8
380339501130 18 5.11550188064575 3.8242449760437 0.0008268727106 8
383359400190 18 3.60649347305298 0.83769530057907 0 8
386379299250 18 5.75129413604736 3.61887431144714 0 8
365240005830 19 -4.49716281890869 -1.09348249435425 0 4
368259904890 19 -5.05884027481079 1.33968925476074 0.0008268727106 4
371279803950 19 -7.46332740783691 6.94208288192749 1000 4
374299703010 19 -6.70833683013916 5.16070890426636 0 4
377319602070 19 2.55421280860901 -2.35234951972961 0 8
380339501130 19 5.57845544815063 4.80164957046509 0.00094042421551 8
383359400190 19 3.97821187973022 1.53026068210602 0 8
386379299250 19 6.21285724639893 4.48545217514038 0.00094042421551 8
365240005830 20 -4.81381130218506 -0.2548496723175 0 4
368259904890 20 -5.44050073623657 2.24166488647461 0.0008268727106 4
371279803950 20 -7.46332740783691 6.94208288192749 1000 4
374299703010 20 -7.13895893096924 6.13454437255859 0 4
377319602070 20 2.81590104103088 -1.65891623497009 0 8
380339501130 20 6.09897089004517 5.76083564758301 0.00094042421551 8
383359400190 20 4.41138029098511 2.1864972114563 0 8
386379299250 20 6.6856369972229 5.34379959106445 0.00094042421551 8
365240005830 21 -5.19095134735107 0.54555159807205 0 4
368259904890 21 -5.76018190383911 3.16927051544189 0.0008268727106 4
371279803950 21 -7.46332740783691 6.94208288192749 1000 4
374299703010 21 -7.53359889984131 7.15008354187012 1000 4
377319602070 21 3.08802723884583 -0.96951472759247 0 8
380339501130 21 6.63135004043579 6.71258354187012 0.00094042421551 8
383359400190 21 4.81168508529663 2.85730218887329 0 8
386379299250 21 7.14952087402344 6.20400190353394 0.00094042421551 8
365240005830 22 -5.45312595367432 1.39500367641449 0 4
368259904890 22 -6.07670640945435 4.07375431060791 0.0008268727106 4
371279803950 22 -7.38493299484253 6.71003770828247 1000 4
374299703010 22 -7.61199378967285 7.38212823867798 1000 4
377319602070 22 3.37722420692444 -0.28705623745918 0 8
380339501130 22 7.00303506851196 7.12944412231445 1000 8
383359400190 22 5.19122838973999 3.52666234970093 0 8
386379299250 22 7.45503997802734 6.60260915756226 1000 8
365240005830 23 -5.81033420562744 2.19433283805847 0 4
368259904890 23 -6.46193361282349 4.96503925323486 0.0008268727106 4
371279803950 23 -7.38493299484253 6.71003770828247 1000 4
374299703010 23 -7.61199378967285 7.38212823867798 1000 4
377319602070 23 3.6825430393219 0.38834682106972 0 8
380339501130 23 7.00303506851196 7.12944412231445 1000 8
383359400190 23 5.63354253768921 4.16008329391479 0 8
386379299250 23 7.45503997802734 6.60260915756226 1000 8
365240005830 24 -6.15511608123779 3.00255751609802 0 4
368259904890 24 -6.90384721755981 5.81532573699951 0.0008268727106 4
371279803950 24 -7.38493299484253 6.71003770828247 1000 4
374299703010 24 -7.61199378967285 7.38212823867798 1000 4
377319602070 24 4.04942178726196 1.03121030330658 0 8
380339501130 24 7.00303506851196 7.12944412231445 1000 8
383359400190 24 6.0620379447937 4.79920721054077 0 8
386379299250 24 7.45503997802734 6.60260915756226 1000 8
365240005830 25 -6.48488712310791 3.81359076499939 0 4
368259904890 25 -7.40302896499634 6.64646244049072 0.0008268727106 4
371279803950 25 -7.38493299484253 6.71003770828247 1000 4
374299703010 25 -7.61199378967285 7.38212823867798 1000 4
377319602070 25 4.39876222610474 1.67758691310883 0 8
380339501130 25 7.00303506851196 7.12944412231445 1000 8
383359400190 25 6.49053335189819 5.43833112716675 0 8
386379299250 25 7.45503997802734 6.60260915756226 1000 8
365240005830 26 -6.81465816497803 4.62463140487671 0 4
368259904890 26 -7.75291442871094 6.97949028015137 1000 4
371279803950 26 -7.35888290405273 6.66739463806152 1000 4
374299703010 26 -7.60943603515625 7.5625696182251 1000 4
377319602070 26 4.77581644058228 2.29526948928833 0 8
380339501130 26 7.00303506851196 7.12944412231445 1000 8
383359400190 26 6.84813261032104 6.13617277145386 0 8
386379299250 26 7.45503997802734 6.60260915756226 1000 8
365240005830 27 -7.14442920684814 5.43567419052124 0 4
368259904890 27 -7.75291442871094 6.97949028015137 1000 4
371279803950 27 -7.35888290405273 6.66739463806152 1000 4
374299703010 27 -7.60943603515625 7.5625696182251 1000 4
377319602070 27 5.15287065505981 2.91295480728149 0 8
380339501130 27 7.00303506851196 7.12944412231445 1000 8
383359400190 27 7.19189405441284 6.82458257675171 1000 8
386379299250 27 7.45503997802734 6.60260915756226 1000 8
365240005830 28 -7.47420024871826 6.24671697616577 0 4
368259904890 28 -7.75291442871094 6.97949028015137 1000 4
371279803950 28 -7.35888290405273 6.66739463806152 1000 4
374299703010 28 -7.60943603515625 7.5625696182251 1000 4
377319602070 28 5.52992486953735 3.53064012527466 0 8
380339501130 28 6.93561172485352 7.24284887313843 1000 8
383359400190 28 7.06792402267456 6.75229692459106 1000 8
386379299250 28 7.55928373336792 6.51467561721802 1000 8
365240005830 29 -7.78980541229248 6.49181795120239 1000 4
368259904890 29 -7.81916189193726 7.10213613510132 1000 4
371279803950 29 -7.12545204162598 6.65507936477661 1000 4
374299703010 29 -7.60943603515625 7.5625696182251 1000 4
377319602070 29 5.84943437576294 4.17995166778564 0 8
380339501130 29 6.93561172485352 7.24284887313843 1000 8
383359400190 29 7.06792402267456 6.75229692459106 1000 8
386379299250 29 7.55928373336792 6.51467561721802 1000 8
365240005830 30 -7.78980541229248 6.49181795120239 1000 4
368259904890 30 -7.81916189193726 7.10213613510132 1000 4
371279803950 30 -7.12545204162598 6.65507936477661 1000 4
374299703010 30 -7.60943603515625 7.5625696182251 1000 4
377319602070 30 6.16894388198853 4.82926082611084 0 8
380339501130 30 6.93561172485352 7.24284887313843 1000 8
383359400190 30 7.06792402267456 6.75229692459106 1000 8
386379299250 30 7.55928373336792 6.51467561721802 1000 8
365240005830 31 -7.78980541229248 6.49181795120239 1000 4
368259904890 31 -7.81916189193726 7.10213613510132 1000 4
371279803950 31 -7.12545204162598 6.65507936477661 1000 4
374299703010 31 -7.60943603515625 7.5625696182251 1000 4
377319602070 31 6.48845338821411 5.47856998443604 0 8
380339501130 31 6.93561172485352 7.24284887313843 1000 8
383359400190 31 7.06792402267456 6.75229692459106 1000 8
386379299250 31 7.55928373336792 6.51467561721802 1000 8
365240005830 32 -7.78980541229248 6.49181795120239 1000 4
368259904890 32 -7.81916189193726 7.10213613510132 1000 4
371279803950 32 -7.12545204162598 6.65507936477661 1000 4
374299703010 32 -7.60943603515625 7.5625696182251 1000 4
377319602070 32 6.8079628944397 6.12787914276123 0 8
380339501130 32 6.93561172485352 7.24284887313843 1000 8
383359400190 32 7.06792402267456 6.75229692459106 1000 8
386379299250 32 7.55928373336792 6.51467561721802 1000 8
